# RunNumber Energy Ei chopper_choice Chopper1 Chopper2 Chopper3 Height FWHM Sigma Q
0.000000000000000000e+00 1.689600000000000000e+05 1.200000000000000000e+01 1.229540974031284151e+01 0.000000000000000000e+00 1.200000000000000000e+02 2.400000000000000000e+02 3.000000000000000000e+01 1.304660171623577281e-01 2.409900309101296045e-01 1.023312233164032359e-01 9.686939244469007226e-01
0.000000000000000000e+00 1.689610000000000000e+05 1.200000000000000000e+01 1.223476711317276511e+01 0.000000000000000000e+00 1.200000000000000000e+02 3.000000000000000000e+02 3.000000000000000000e+01 5.593967273768607473e-02 2.030971340786322799e-01 8.624082126481201482e-02 9.668213774760564538e-01
0.000000000000000000e+00 1.689620000000000000e+05 2.000000000000000000e+01 2.063766606964878036e+01 0.000000000000000000e+00 1.200000000000000000e+02 2.400000000000000000e+02 6.000000000000000000e+01 1.673306989301714121e-01 4.994315188855704690e-01 2.120728317985437206e-01 1.254046569267908806e+00
0.000000000000000000e+00 1.689630000000000000e+05 3.000000000000000000e+01 3.117012165314904593e+01 0.000000000000000000e+00 1.200000000000000000e+02 2.400000000000000000e+02 6.000000000000000000e+01 1.527440368239458834e-01 8.727634062880778032e-01 3.706001725214767561e-01 1.540039256215095520e+00
0.000000000000000000e+00 1.689640000000000000e+05 2.000000000000000000e+01 2.051774023082715814e+01 0.000000000000000000e+00 1.200000000000000000e+02 3.000000000000000000e+02 6.000000000000000000e+01 1.324934559098628617e-01 4.390796409397115241e-01 1.864457074053976759e-01 1.251185014843940735e+00
0.000000000000000000e+00 1.689650000000000000e+05 3.000000000000000000e+01 3.096182093659066936e+01 0.000000000000000000e+00 1.200000000000000000e+02 3.000000000000000000e+02 6.000000000000000000e+01 1.567780107310054460e-01 7.678531592275490425e-01 3.260522969119103998e-01 1.535990655422210693e+00
0.000000000000000000e+00 1.689660000000000000e+05 2.000000000000000000e+01 2.043420820983993025e+01 0.000000000000000000e+00 1.200000000000000000e+02 3.600000000000000000e+02 6.000000000000000000e+01 7.938444431141050694e-02 3.800762727029969312e-01 1.613911985999987031e-01 1.249188328782717461e+00
0.000000000000000000e+00 1.689670000000000000e+05 3.000000000000000000e+01 3.080588190364494849e+01 0.000000000000000000e+00 1.200000000000000000e+02 3.600000000000000000e+02 6.000000000000000000e+01 1.295501090639096242e-01 7.146964601645890980e-01 3.034804501760463014e-01 1.532953192790349251e+00
0.000000000000000000e+00 1.689680000000000000e+05 4.500000000000000000e+01 4.712162034497661978e+01 0.000000000000000000e+00 1.200000000000000000e+02 2.400000000000000000e+02 9.000000000000000000e+01 9.107053521908073379e-02 1.517316175108170739e+00 6.442956157571850806e-01 1.891955097516377693e+00
0.000000000000000000e+00 1.689690000000000000e+05 4.500000000000000000e+01 4.674303897700323063e+01 0.000000000000000000e+00 1.200000000000000000e+02 3.000000000000000000e+02 9.000000000000000000e+01 1.064555241218797937e-01 1.308805091355864647e+00 5.557558774334881990e-01 1.885962774356206184e+00
0.000000000000000000e+00 1.689700000000000000e+05 6.500000000000000000e+01 6.792662661616391517e+01 0.000000000000000000e+00 1.200000000000000000e+02 3.000000000000000000e+02 9.000000000000000000e+01 5.487020373838960574e-02 2.119310750424517664e+00 8.999196392460796501e-01 2.272032380104064941e+00
0.000000000000000000e+00 1.689710000000000000e+05 4.500000000000000000e+01 4.649130225382998560e+01 0.000000000000000000e+00 1.200000000000000000e+02 3.600000000000000000e+02 9.000000000000000000e+01 1.085613516231073022e-01 1.190177337698060001e+00 5.053831582581995718e-01 1.881968344251314873e+00
0.000000000000000000e+00 1.689720000000000000e+05 6.500000000000000000e+01 6.749656026586075086e+01 0.000000000000000000e+00 1.200000000000000000e+02 3.600000000000000000e+02 9.000000000000000000e+01 6.207852633490033856e-02 1.930401623603358985e+00 8.197034495131035881e-01 2.266365985075632583e+00
0.000000000000000000e+00 1.689730000000000000e+05 9.500000000000000000e+01 9.901490830568130264e+01 0.000000000000000000e+00 1.200000000000000000e+02 3.600000000000000000e+02 9.000000000000000000e+01 2.342546307468550137e-02 3.069462157476188224e+00 1.303380958588614913e+00 2.743894636631011963e+00
0.000000000000000000e+00 1.689740000000000000e+05 1.400000000000000000e+02 1.461335488466369270e+02 0.000000000000000000e+00 1.200000000000000000e+02 3.600000000000000000e+02 9.000000000000000000e+01 7.039122827760749788e-03 4.793180402170548859e+00 2.035320765252886854e+00 3.332907587289810181e+00
0.000000000000000000e+00 1.689750000000000000e+05 4.500000000000000000e+01 4.628506312939142475e+01 0.000000000000000000e+00 1.200000000000000000e+02 4.200000000000000000e+02 9.000000000000000000e+01 9.544899959753434804e-02 1.129355540357003918e+00 4.795564927205961392e-01 1.878689895073572869e+00
0.000000000000000000e+00 1.689760000000000000e+05 6.500000000000000000e+01 6.719273368599664309e+01 0.000000000000000000e+00 1.200000000000000000e+02 4.200000000000000000e+02 9.000000000000000000e+01 6.387332595298735038e-02 1.760449622572998862e+00 7.475369947231417234e-01 2.262354835867881775e+00
0.000000000000000000e+00 1.689770000000000000e+05 9.500000000000000000e+01 9.846927484313232526e+01 0.000000000000000000e+00 1.200000000000000000e+02 4.200000000000000000e+02 9.000000000000000000e+01 2.614064309603700981e-02 2.796527405545376155e+00 1.187485097896125774e+00 2.737943112850189209e+00
0.000000000000000000e+00 1.689780000000000000e+05 1.400000000000000000e+02 1.451633956578738776e+02 0.000000000000000000e+00 1.200000000000000000e+02 4.200000000000000000e+02 9.000000000000000000e+01 8.269173018175193443e-03 4.325869190604663572e+00 1.836887129768434601e+00 3.324193755785624038e+00
0.000000000000000000e+00 1.689790000000000000e+05 4.500000000000000000e+01 4.612159933775141951e+01 0.000000000000000000e+00 1.200000000000000000e+02 4.800000000000000000e+02 9.000000000000000000e+01 7.367788484619931799e-02 1.070021104635685560e+00 4.543614032423293203e-01 1.876087710261344910e+00
0.000000000000000000e+00 1.689800000000000000e+05 6.500000000000000000e+01 6.690565919814167728e+01 0.000000000000000000e+00 1.200000000000000000e+02 4.800000000000000000e+02 9.000000000000000000e+01 5.894149291965714021e-02 1.672641479953718147e+00 7.102511592160162257e-01 2.258558914065361023e+00
0.000000000000000000e+00 1.689810000000000000e+05 9.500000000000000000e+01 9.807795500268160538e+01 0.000000000000000000e+00 1.200000000000000000e+02 4.800000000000000000e+02 9.000000000000000000e+01 2.772108725701240978e-02 2.589258012070928316e+00 1.099472616590627672e+00 2.733667393525441636e+00
0.000000000000000000e+00 1.689820000000000000e+05 1.400000000000000000e+02 1.444330900888900260e+02 0.000000000000000000e+00 1.200000000000000000e+02 4.800000000000000000e+02 9.000000000000000000e+01 9.393257559508084303e-03 3.957466668435742463e+00 1.680452937764646437e+00 3.317619760831197251e+00
0.000000000000000000e+00 1.689830000000000000e+05 6.500000000000000000e+01 6.669071460461664458e+01 0.000000000000000000e+00 1.200000000000000000e+02 5.400000000000000000e+02 9.000000000000000000e+01 4.945168508854043410e-02 1.600577150510673619e+00 6.796505946966766576e-01 2.255712747573852539e+00
0.000000000000000000e+00 1.689840000000000000e+05 9.500000000000000000e+01 9.772296164868855328e+01 0.000000000000000000e+00 1.200000000000000000e+02 5.400000000000000000e+02 9.000000000000000000e+01 2.720172255187783966e-02 2.443074041217130343e+00 1.037398743616615882e+00 2.729783167441686142e+00
0.000000000000000000e+00 1.689850000000000000e+05 1.400000000000000000e+02 1.437928368950751405e+02 0.000000000000000000e+00 1.200000000000000000e+02 5.400000000000000000e+02 9.000000000000000000e+01 1.007263535478364162e-02 3.681096624513884308e+00 1.563098354358337216e+00 3.311846961577733506e+00
0.000000000000000000e+00 1.689860000000000000e+05 9.500000000000000000e+01 9.734608179986264531e+01 0.000000000000000000e+00 1.200000000000000000e+02 6.000000000000000000e+02 9.000000000000000000e+01 2.463152132351093676e-02 2.336305963196707580e+00 9.920619801259904502e-01 2.725653866926828872e+00
0.000000000000000000e+00 1.689870000000000000e+05 1.400000000000000000e+02 1.432554470037844965e+02 0.000000000000000000e+00 1.200000000000000000e+02 6.000000000000000000e+02 9.000000000000000000e+01 1.021290972574940940e-02 3.495432906891920766e+00 1.484260257703575725e+00 3.306994060675302993e+00
0.000000000000000000e+00 1.689880000000000000e+05 2.000000000000000000e+02 2.093226441218039042e+02 0.000000000000000000e+00 1.200000000000000000e+02 3.600000000000000000e+02 1.200000000000000000e+02 2.562800830947451532e-03 7.326292544263424134e+00 3.110952248094872363e+00 3.987791111071904648e+00
0.000000000000000000e+00 1.689890000000000000e+05 3.000000000000000000e+02 3.164939347964008221e+02 0.000000000000000000e+00 1.200000000000000000e+02 3.600000000000000000e+02 1.200000000000000000e+02 9.862324414877010788e-04 1.215336709618168243e+01 5.160665433622795284e+00 4.899371325969696045e+00
0.000000000000000000e+00 1.689900000000000000e+05 2.000000000000000000e+02 2.076480619225541489e+02 0.000000000000000000e+00 1.200000000000000000e+02 4.200000000000000000e+02 1.200000000000000000e+02 3.006457035660849847e-03 6.810856431059335137e+00 2.892083410216278239e+00 3.975215782721837510e+00
0.000000000000000000e+00 1.689910000000000000e+05 3.000000000000000000e+02 3.132823076799493265e+02 0.000000000000000000e+00 1.200000000000000000e+02 4.200000000000000000e+02 1.200000000000000000e+02 1.134402410065725366e-03 1.109019369187092252e+01 4.709211758756230104e+00 4.879728784163792632e+00
0.000000000000000000e+00 1.689920000000000000e+05 2.000000000000000000e+02 2.063945076743489437e+02 0.000000000000000000e+00 1.200000000000000000e+02 4.800000000000000000e+02 1.200000000000000000e+02 3.399376387017712976e-03 6.191835230229969511e+00 2.629229397125252277e+00 3.965777864058812607e+00
0.000000000000000000e+00 1.689930000000000000e+05 3.000000000000000000e+02 3.110345061002267357e+02 0.000000000000000000e+00 1.200000000000000000e+02 4.800000000000000000e+02 1.200000000000000000e+02 1.254128171959270578e-03 1.063738010862633132e+01 4.516934228716063870e+00 4.865937540928523042e+00
0.000000000000000000e+00 1.689940000000000000e+05 2.000000000000000000e+02 2.053668737836967182e+02 0.000000000000000000e+00 1.200000000000000000e+02 5.400000000000000000e+02 1.200000000000000000e+02 3.814441807226886475e-03 5.750272465942884992e+00 2.441729284901437591e+00 3.958025584618250381e+00
0.000000000000000000e+00 1.689950000000000000e+05 3.000000000000000000e+02 3.089450931313293154e+02 0.000000000000000000e+00 1.200000000000000000e+02 5.400000000000000000e+02 1.200000000000000000e+02 1.397854032289375624e-03 1.007161003607990324e+01 4.276692159694226447e+00 4.853084961573283174e+00
0.000000000000000000e+00 1.689960000000000000e+05 2.000000000000000000e+02 2.044306845772443637e+02 0.000000000000000000e+00 1.200000000000000000e+02 6.000000000000000000e+02 1.200000000000000000e+02 4.065132654545970323e-03 5.437856209754386327e+00 2.309068454248146995e+00 3.950950622558593750e+00
0.000000000000000000e+00 1.689970000000000000e+05 3.000000000000000000e+02 3.073830101234734684e+02 0.000000000000000000e+00 1.200000000000000000e+02 6.000000000000000000e+02 1.200000000000000000e+02 1.492224989056473335e-03 9.713303119902207072e+00 4.124544849215374676e+00 4.843455791473388672e+00
0.000000000000000000e+00 1.689980000000000000e+05 2.000000000000000000e+00 2.038907594331846873e+00 0.000000000000000000e+00 1.200000000000000000e+02 1.200000000000000000e+02 3.000000000000000000e+01 2.028393783308755569e-02 3.180695847157410938e-02 1.350613947837541774e-02 3.946864840885003223e-01
0.000000000000000000e+00 1.689990000000000000e+05 3.000000000000000000e+00 3.071739482675615029e+00 0.000000000000000000e+00 1.200000000000000000e+02 1.200000000000000000e+02 3.000000000000000000e+01 7.670953146872153128e-02 5.529131068815251737e-02 2.347826356184820260e-02 4.842165547112624036e-01
0.000000000000000000e+00 1.690000000000000000e+05 4.000000000000000000e+00 4.109837372834370228e+00 0.000000000000000000e+00 1.200000000000000000e+02 1.200000000000000000e+02 3.000000000000000000e+01 8.680362847646826141e-02 8.959445472778826414e-02 3.804435444916699077e-02 5.598827923337618140e-01
0.000000000000000000e+00 1.690010000000000000e+05 5.000000000000000000e+00 5.153809903629942291e+00 0.000000000000000000e+00 1.200000000000000000e+02 1.200000000000000000e+02 3.000000000000000000e+01 7.504057828252358453e-02 1.288452475907697625e-01 5.471135778801263644e-02 6.267559739450613288e-01
0.000000000000000000e+00 1.690020000000000000e+05 6.000000000000000000e+00 6.057801656230208387e+00 0.000000000000000000e+00 1.200000000000000000e+02 1.200000000000000000e+02 3.000000000000000000e+01 1.224150125718783122e-01 1.478103604120022396e-01 6.276448425138099474e-02 6.810371006528536109e-01
0.000000000000000000e+00 1.690030000000000000e+05 7.000000000000000000e+00 7.254243671553124884e+00 0.000000000000000000e+00 1.200000000000000000e+02 1.200000000000000000e+02 3.000000000000000000e+01 1.199937936545742156e-01 2.060205202720997164e-01 8.748217421320582388e-02 7.431543866793314246e-01
0.000000000000000000e+00 1.690040000000000000e+05 8.000000000000000000e+00 8.311406158127212507e+00 0.000000000000000000e+00 1.200000000000000000e+02 1.200000000000000000e+02 3.000000000000000000e+01 1.277808982609678901e-01 2.493421847437726768e-01 1.058777854538312801e-01 7.952492957313855859e-01
0.000000000000000000e+00 1.690050000000000000e+05 9.000000000000000000e+00 9.250861108776309294e+00 0.000000000000000000e+00 1.200000000000000000e+02 1.800000000000000000e+02 3.000000000000000000e+01 1.411599329579021900e-01 1.979684277278073168e-01 8.406302663601160352e-02 8.399567902088165283e-01
0.000000000000000000e+00 1.690060000000000000e+05 1.000000000000000000e+01 1.029444372555677845e+01 0.000000000000000000e+00 1.200000000000000000e+02 1.800000000000000000e+02 3.000000000000000000e+01 1.485298113283691490e-01 2.326544281975628792e-01 9.879168925586534478e-02 8.859223251541455957e-01
0.000000000000000000e+00 1.690070000000000000e+05 1.200000000000000000e+01 1.238407805856900090e+01 0.000000000000000000e+00 1.200000000000000000e+02 1.800000000000000000e+02 3.000000000000000000e+01 1.700582816484881854e-01 3.046483202408056812e-01 1.293623440512975398e-01 9.714257890979448584e-01
0.000000000000000000e+00 1.690080000000000000e+05 1.400000000000000000e+01 1.882628877581493754e+01 0.000000000000000000e+00 1.200000000000000000e+02 1.800000000000000000e+02 3.000000000000000000e+01 2.125778018566452654e-01 3.313426824543057592e-01 1.406975297045884310e-01 1.167712077498435974e+00
0.000000000000000000e+00 1.690090000000000000e+05 1.600000000000000000e+01 1.659451667955921295e+01 0.000000000000000000e+00 1.200000000000000000e+02 1.800000000000000000e+02 3.000000000000000000e+01 1.586173220604536471e-01 4.646464670275562980e-01 1.973021091412128780e-01 1.123899978895982033e+00
0.000000000000000000e+00 1.690100000000000000e+05 1.800000000000000000e+01 1.854525830622230131e+01 0.000000000000000000e+00 1.200000000000000000e+02 2.400000000000000000e+02 6.000000000000000000e+01 1.609380606338404740e-01 4.339590443656415886e-01 1.842713564185314568e-01 1.188973195850849152e+00
0.000000000000000000e+00 1.690110000000000000e+05 2.000000000000000000e+01 2.063711317106108822e+01 0.000000000000000000e+00 1.200000000000000000e+02 2.400000000000000000e+02 6.000000000000000000e+01 1.644455832239889448e-01 5.035455613739259206e-01 2.138197712840449738e-01 1.254033399124940162e+00
0.000000000000000000e+00 1.690120000000000000e+05 2.500000000000000000e+01 2.589117085750477543e+01 0.000000000000000000e+00 1.200000000000000000e+02 2.400000000000000000e+02 6.000000000000000000e+01 1.682160511240823053e-01 6.783486764665997981e-01 2.880461471195752687e-01 1.404071221748987908e+00
0.000000000000000000e+00 1.690130000000000000e+05 3.000000000000000000e+01 3.116914723953468780e+01 0.000000000000000000e+00 1.200000000000000000e+02 2.400000000000000000e+02 6.000000000000000000e+01 1.519023568417958159e-01 8.727361227070673522e-01 3.705885871367589623e-01 1.540020371476809258e+00
0.000000000000000000e+00 1.690140000000000000e+05 3.500000000000000000e+01 3.620718570116471113e+01 0.000000000000000000e+00 1.200000000000000000e+02 3.000000000000000000e+02 6.000000000000000000e+01 1.422740910553178251e-01 9.413868282303994306e-01 3.997396298218256483e-01 1.660591373840967888e+00
0.000000000000000000e+00 1.690150000000000000e+05 4.000000000000000000e+01 4.147264606538010412e+01 0.000000000000000000e+00 1.200000000000000000e+02 3.000000000000000000e+02 6.000000000000000000e+01 1.283393268719346114e-01 1.111466914551982654e+00 4.719604732704809624e-01 1.776812290151913887e+00
0.000000000000000000e+00 1.690160000000000000e+05 5.000000000000000000e+01 5.174105852013963869e+01 0.000000000000000000e+00 1.200000000000000000e+02 3.600000000000000000e+02 9.000000000000000000e+01 9.715015032388604754e-02 1.365963944931593232e+00 5.800271528371946372e-01 1.985034997264544243e+00
0.000000000000000000e+00 1.690170000000000000e+05 6.000000000000000000e+01 6.196920391240753645e+01 0.000000000000000000e+00 1.200000000000000000e+02 4.200000000000000000e+02 9.000000000000000000e+01 7.303414627451987329e-02 1.586411620157836211e+00 6.736355074980195923e-01 2.172845671574274551e+00
0.000000000000000000e+00 1.690180000000000000e+05 7.000000000000000000e+01 7.242179987192623969e+01 0.000000000000000000e+00 1.200000000000000000e+02 4.200000000000000000e+02 9.000000000000000000e+01 5.627379640261977178e-02 1.926419876592838420e+00 8.180126864513114215e-01 2.348525380094846238e+00
0.000000000000000000e+00 1.690190000000000000e+05 8.000000000000000000e+01 8.253250678346824998e+01 0.000000000000000000e+00 1.200000000000000000e+02 4.800000000000000000e+02 9.000000000000000000e+01 4.176975144608251894e-02 2.129338675013592308e+00 9.041777813221199001e-01 2.507876803477605332e+00
0.000000000000000000e+00 1.690200000000000000e+05 9.000000000000000000e+01 9.259809634032382064e+01 0.000000000000000000e+00 1.200000000000000000e+02 5.400000000000000000e+02 9.000000000000000000e+01 3.056261073439858061e-02 2.314952408507764403e+00 9.829946532941674642e-01 2.657183319330215454e+00
0.000000000000000000e+00 1.690210000000000000e+05 1.000000000000000000e+02 1.029136713003791215e+02 0.000000000000000000e+00 1.200000000000000000e+02 5.400000000000000000e+02 9.000000000000000000e+01 2.425380524745717262e-02 2.572841782509271980e+00 1.092501818475274833e+00 2.801204284032186020e+00
0.000000000000000000e+00 1.690220000000000000e+05 1.200000000000000000e+02 1.230612513526032643e+02 0.000000000000000000e+00 1.200000000000000000e+02 6.000000000000000000e+02 9.000000000000000000e+01 1.492974015259860079e-02 2.953470032462632844e+00 1.254127402319589413e+00 3.064324100812276352e+00
0.000000000000000000e+00 1.690230000000000000e+05 1.400000000000000000e+02 1.434668495812041726e+02 0.000000000000000000e+00 1.200000000000000000e+02 6.000000000000000000e+02 9.000000000000000000e+01 1.028471279561084251e-02 3.471897759865086641e+00 1.474266564698550663e+00 3.308903704086939346e+00
0.000000000000000000e+00 1.690240000000000000e+05 1.600000000000000000e+02 1.636830806146757027e+02 0.000000000000000000e+00 1.200000000000000000e+02 6.000000000000000000e+02 1.200000000000000000e+02 7.329222722815612739e-03 4.059340399243581032e+00 1.723711422184110775e+00 3.535008917252222549e+00
0.000000000000000000e+00 1.690250000000000000e+05 1.800000000000000000e+02 1.841116045345681584e+02 0.000000000000000000e+00 1.200000000000000000e+02 6.000000000000000000e+02 1.200000000000000000e+02 5.373964160644159604e-03 4.713257076084119035e+00 2.001383047169477347e+00 3.749189058939615737e+00
0.000000000000000000e+00 1.690260000000000000e+05 2.000000000000000000e+02 2.045471162888396748e+02 0.000000000000000000e+00 1.200000000000000000e+02 6.000000000000000000e+02 1.200000000000000000e+02 4.126384356403555408e-03 5.359134446768251792e+00 2.275640954041720398e+00 3.951830913623174180e+00
0.000000000000000000e+00 1.690270000000000000e+05 2.250000000000000000e+02 2.301631625897804554e+02 0.000000000000000000e+00 1.200000000000000000e+02 6.000000000000000000e+02 1.200000000000000000e+02 3.049659543267301508e-03 6.260438022441121575e+00 2.658360094454828904e+00 4.191889633735020659e+00
0.000000000000000000e+00 1.690280000000000000e+05 2.500000000000000000e+02 2.559473945896181135e+02 0.000000000000000000e+00 1.200000000000000000e+02 6.000000000000000000e+02 1.200000000000000000e+02 2.344606532349051073e-03 7.268906006344565185e+00 3.086584291441428984e+00 4.420063177744547822e+00
0.000000000000000000e+00 1.690290000000000000e+05 2.750000000000000000e+02 2.816350606532502638e+02 0.000000000000000000e+00 1.200000000000000000e+02 6.000000000000000000e+02 1.200000000000000000e+02 1.897513532219100799e-03 8.223743771075135101e+00 3.492035571581798337e+00 4.636400659879048369e+00
0.000000000000000000e+00 1.690300000000000000e+05 3.000000000000000000e+02 3.073973984384801383e+02 0.000000000000000000e+00 1.200000000000000000e+02 6.000000000000000000e+02 1.200000000000000000e+02 1.546231801668251438e-03 9.344880912531152717e+00 3.968102298314714727e+00 4.843544582525889375e+00
0.000000000000000000e+00 1.690310000000000000e+05 1.500000000000000000e+01 1.679655109264163215e+01 0.000000000000000000e+00 1.200000000000000000e+02 2.400000000000000000e+02 3.000000000000000000e+01 1.595466980913714805e-01 3.157751605416194707e-01 1.340871170028108128e-01 1.121771171689033508e+00
0.000000000000000000e+00 1.690320000000000000e+05 2.000000000000000000e+01 2.063191941089372250e+01 0.000000000000000000e+00 1.200000000000000000e+02 2.400000000000000000e+02 6.000000000000000000e+01 1.668138966109727062e-01 4.992924497436330711e-01 2.120137790843452663e-01 1.253909580409526825e+00
0.000000000000000000e+00 1.690330000000000000e+05 2.500000000000000000e+01 2.501186025359638521e+01 1.000000000000000000e+00 1.200000000000000000e+02 1.200000000000000000e+02 6.000000000000000000e+01 3.107530808432631408e-01 1.610763800331326934e+00 6.839761360217948560e-01 1.385232662161191231e+00
0.000000000000000000e+00 1.690340000000000000e+05 3.169999999999999929e+01 3.173854954351666535e+01 1.000000000000000000e+00 1.200000000000000000e+02 1.200000000000000000e+02 6.000000000000000000e+01 2.923164140410450251e-01 2.247089307681267911e+00 9.541780499708144569e-01 1.560298363367716545e+00
0.000000000000000000e+00 1.690350000000000000e+05 3.400000000000000000e+01 3.404309262179386764e+01 1.000000000000000000e+00 1.200000000000000000e+02 1.200000000000000000e+02 6.000000000000000000e+01 2.782845082439657780e-01 2.478337142867076182e+00 1.052372459816168337e+00 1.615943377216656929e+00
0.000000000000000000e+00 1.690360000000000000e+05 4.079999999999999716e+01 4.088817754146203498e+01 1.000000000000000000e+00 1.200000000000000000e+02 1.200000000000000000e+02 6.000000000000000000e+01 2.506006072679697327e-01 3.181100212725969101e+00 1.350785652962194883e+00 1.770792345205942864e+00
0.000000000000000000e+00 1.690370000000000000e+05 4.800000000000000000e+01 4.813194234329247223e+01 1.000000000000000000e+00 1.800000000000000000e+02 1.200000000000000000e+02 9.000000000000000000e+01 1.958271354289206900e-01 2.993806813752375007e+00 1.271255547240923489e+00 1.921132490038871765e+00
0.000000000000000000e+00 1.690380000000000000e+05 6.000000000000000000e+01 6.018169988008533977e+01 1.000000000000000000e+00 1.800000000000000000e+02 1.200000000000000000e+02 9.000000000000000000e+01 1.482194415624908113e-01 4.044210231941804068e+00 1.717286722692910494e+00 2.148124764362970840e+00
0.000000000000000000e+00 1.690390000000000000e+05 7.000000000000000000e+01 7.018115739274496434e+01 1.000000000000000000e+00 1.800000000000000000e+02 1.200000000000000000e+02 9.000000000000000000e+01 1.152001429146389533e-01 4.982862174884949980e+00 2.115865042413991315e+00 2.319843048850695144e+00
0.000000000000000000e+00 1.690400000000000000e+05 8.000000000000000000e+01 8.011910283866346560e+01 1.000000000000000000e+00 1.800000000000000000e+02 1.200000000000000000e+02 9.000000000000000000e+01 8.824636149105050120e-02 5.960861251196178046e+00 2.531151274393281358e+00 2.478957260648409378e+00
0.000000000000000000e+00 1.690410000000000000e+05 9.000000000000000000e+01 9.006535495401885782e+01 1.000000000000000000e+00 2.400000000000000000e+02 1.200000000000000000e+02 9.000000000000000000e+01 6.251184282358453193e-02 5.782195788048142049e+00 2.455284835689232281e+00 2.628551557660102844e+00
0.000000000000000000e+00 1.690420000000000000e+05 1.000000000000000000e+02 9.992350478299026406e+01 1.000000000000000000e+00 2.400000000000000000e+02 1.200000000000000000e+02 9.000000000000000000e+01 4.850863711438805487e-02 6.634920717590716777e+00 2.817376100887778012e+00 2.769128998120625962e+00
0.000000000000000000e+00 1.690430000000000000e+05 1.200000000000000000e+02 1.194709181622940122e+02 1.000000000000000000e+00 2.400000000000000000e+02 1.200000000000000000e+02 9.000000000000000000e+01 3.024393093732068508e-02 8.410752638624892086e+00 3.571444857165559483e+00 3.029121051232019912e+00
0.000000000000000000e+00 1.690440000000000000e+05 1.400000000000000000e+02 1.388511963070247361e+02 1.000000000000000000e+00 2.400000000000000000e+02 1.200000000000000000e+02 9.000000000000000000e+01 2.013501307649727054e-02 1.030275876597951878e+01 4.374844486615506511e+00 3.266970137755075942e+00
0.000000000000000000e+00 1.690450000000000000e+05 1.600000000000000000e+02 1.586416914569364849e+02 1.000000000000000000e+00 3.000000000000000000e+02 1.200000000000000000e+02 1.200000000000000000e+02 1.330892891433230023e-02 1.050207997444913133e+01 4.459481942441244406e+00 3.492150028546651352e+00
0.000000000000000000e+00 1.690460000000000000e+05 1.800000000000000000e+02 1.779460940131434370e+02 1.000000000000000000e+00 3.000000000000000000e+02 1.200000000000000000e+02 1.200000000000000000e+02 1.005560847236030945e-02 1.224269126810384023e+01 5.198595018303117321e+00 3.699743757645288955e+00
0.000000000000000000e+00 1.690470000000000000e+05 2.000000000000000000e+02 1.972874415341238148e+02 1.000000000000000000e+00 3.000000000000000000e+02 1.200000000000000000e+02 1.200000000000000000e+02 7.783684304163809506e-03 1.416523830214947566e+01 6.014963185626104547e+00 3.896575887997945298e+00
0.000000000000000000e+00 1.690480000000000000e+05 2.250000000000000000e+02 2.221558565309146900e+02 1.000000000000000000e+00 3.600000000000000000e+02 1.200000000000000000e+02 1.200000000000000000e+02 5.801169393104919393e-03 1.448456184581678485e+01 6.150557047055960069e+00 4.134441326061884858e+00
0.000000000000000000e+00 1.690490000000000000e+05 2.500000000000000000e+02 2.463656007267274219e+02 1.000000000000000000e+00 3.600000000000000000e+02 1.200000000000000000e+02 1.200000000000000000e+02 4.710014592954123516e-03 1.749195765159704763e+01 7.427582866920189986e+00 4.354833831389744780e+00
0.000000000000000000e+00 1.690500000000000000e+05 2.750000000000000000e+02 2.708046075300237590e+02 1.000000000000000000e+00 3.600000000000000000e+02 1.200000000000000000e+02 1.200000000000000000e+02 3.951274235322209914e-03 1.971457542818268394e+01 8.371369608570141452e+00 4.566097080707550049e+00
0.000000000000000000e+00 1.690510000000000000e+05 3.000000000000000000e+02 2.957763906933892031e+02 1.000000000000000000e+00 4.200000000000000000e+02 1.200000000000000000e+02 1.200000000000000000e+02 3.275297504450428842e-03 1.975786289832228704e+01 8.389750699924537258e+00 4.771343111991882324e+00
0.000000000000000000e+00 1.690520000000000000e+05 3.500000000000000000e+02 3.444700199513918051e+02 1.000000000000000000e+00 4.200000000000000000e+02 1.200000000000000000e+02 1.200000000000000000e+02 2.511868639385158100e-03 2.555967548038873360e+01 1.085336538445381471e+01 5.150148908297221162e+00
0.000000000000000000e+00 1.690530000000000000e+05 4.000000000000000000e+02 3.942720196906630576e+02 1.000000000000000000e+00 4.800000000000000000e+02 1.200000000000000000e+02 1.200000000000000000e+02 2.015336024021276672e-03 2.815102220591012383e+01 1.195372492819962851e+01 5.508949498335520722e+00
0.000000000000000000e+00 1.690540000000000000e+05 4.500000000000000000e+02 4.430169592916927286e+02 1.000000000000000000e+00 4.800000000000000000e+02 1.200000000000000000e+02 1.500000000000000000e+02 1.721660203975390688e-03 3.349208212244798233e+01 1.422169092248321931e+01 5.840368688106536865e+00
0.000000000000000000e+00 1.690550000000000000e+05 5.000000000000000000e+02 4.913795171848356063e+02 1.000000000000000000e+00 4.800000000000000000e+02 1.200000000000000000e+02 1.500000000000000000e+02 1.506147480231582797e-03 3.970346498853041339e+01 1.685922080192374395e+01 6.152110000451405547e+00
0.000000000000000000e+00 1.690560000000000000e+05 6.000000000000000000e+02 5.908189806194155835e+02 1.000000000000000000e+00 5.400000000000000000e+02 1.200000000000000000e+02 1.500000000000000000e+02 1.167055530629405175e-03 4.655653567281456162e+01 1.976922958505926076e+01 6.744451085726420381e+00
0.000000000000000000e+00 1.690570000000000000e+05 7.000000000000000000e+02 6.892217826562224445e+02 1.000000000000000000e+00 6.000000000000000000e+02 1.200000000000000000e+02 1.500000000000000000e+02 9.878802068789707767e-04 5.196732241226925453e+01 2.206680357208885468e+01 7.284564912319183350e+00
0.000000000000000000e+00 1.690580000000000000e+05 8.000000000000000000e+02 7.873526170262437063e+02 1.000000000000000000e+00 6.000000000000000000e+02 1.200000000000000000e+02 1.800000000000000000e+02 8.545571830248891191e-04 6.251579779189052033e+01 2.654598632352039189e+01 7.786264419555664062e+00
0.000000000000000000e+00 1.690590000000000000e+05 9.000000000000000000e+02 8.838173009059515834e+02 1.000000000000000000e+00 6.000000000000000000e+02 1.200000000000000000e+02 1.800000000000000000e+02 7.638219797026298170e-04 7.512447057700057940e+01 3.189998750615735901e+01 8.251513739426931338e+00
0.000000000000000000e+00 1.690600000000000000e+05 1.000000000000000000e+03 9.819902481752818630e+02 1.000000000000000000e+00 6.000000000000000000e+02 1.200000000000000000e+02 1.800000000000000000e+02 7.035992725618048964e-04 8.739713208759098961e+01 3.711130874207685082e+01 8.697759787241617246e+00
0.000000000000000000e+00 1.690610000000000000e+05 1.250000000000000000e+03 1.223796078655150723e+03 1.000000000000000000e+00 6.000000000000000000e+02 1.200000000000000000e+02 1.800000000000000000e+02 5.633388723761184255e-04 1.187082196295597214e+02 5.040688731616123874e+01 9.713053723176320986e+00
0.000000000000000000e+00 1.690620000000000000e+05 1.500000000000000000e+03 1.465525658204091314e+03 1.000000000000000000e+00 6.000000000000000000e+02 1.200000000000000000e+02 1.800000000000000000e+02 4.843271847102801112e-04 1.486043017418857062e+02 6.310161432776462931e+01 1.063161547978719135e+01
0.000000000000000000e+00 1.690630000000000000e+05 1.750000000000000000e+03 1.706861341581034822e+03 1.000000000000000000e+00 6.000000000000000000e+02 1.200000000000000000e+02 1.800000000000000000e+02 4.133989408208146345e-04 1.901443534521586116e+02 8.074070210282744142e+01 1.147586993376413922e+01
0.000000000000000000e+00 1.690640000000000000e+05 2.000000000000000000e+03 1.943761509924001075e+03 1.000000000000000000e+00 6.000000000000000000e+02 1.200000000000000000e+02 1.800000000000000000e+02 3.701272870667997902e-04 2.258650874531822410e+02 9.590874201833641166e+01 1.225133597850799561e+01
0.000000000000000000e+00 1.690650000000000000e+05 2.500000000000000000e+03 2.420034904611632101e+03 1.000000000000000000e+00 6.000000000000000000e+02 1.200000000000000000e+02 1.800000000000000000e+02 3.064112401405525484e-04 3.262207051415839487e+02 1.385225924168084646e+02 1.367633589108785053e+01
0.000000000000000000e+00 1.690660000000000000e+05 3.000000000000000000e+03 2.896641109791153212e+03 1.000000000000000000e+00 6.000000000000000000e+02 1.200000000000000000e+02 1.800000000000000000e+02 2.623575259653137919e-04 4.107437093683081457e+02 1.744134646999185350e+02 1.496692999203999896e+01
0.000000000000000000e+00 1.690670000000000000e+05 3.500000000000000000e+03 3.374457649439594206e+03 1.000000000000000000e+00 6.000000000000000000e+02 1.200000000000000000e+02 1.800000000000000000e+02 2.278470300190358841e-04 5.081933220055682341e+02 2.157933426775236683e+02 1.615698182582855225e+01
0.000000000000000000e+00 1.690680000000000000e+05 4.000000000000000000e+03 3.837094630411056642e+03 1.000000000000000000e+00 6.000000000000000000e+02 1.200000000000000000e+02 1.800000000000000000e+02 2.040802428264935431e-04 6.231441679787469639e+02 2.646047422415061305e+02 1.723895414670308313e+01
0.000000000000000000e+00 1.690690000000000000e+05 5.000000000000000000e+03 4.778300848657889219e+03 1.000000000000000000e+00 6.000000000000000000e+02 1.200000000000000000e+02 1.800000000000000000e+02 1.652093245386137123e-04 8.581828324191565116e+02 3.644088460378583818e+02 1.924575773874918738e+01
0.000000000000000000e+00 1.690700000000000000e+05 2.500000000000000000e+01 2.505189374496512045e+01 1.000000000000000000e+00 6.000000000000000000e+01 1.200000000000000000e+02 6.000000000000000000e+01 3.239916300619706813e-01 3.071362173132991202e+00 1.304187759292140703e+00 1.386095489064852471e+00
0.000000000000000000e+00 1.690710000000000000e+05 2.500000000000000000e+01 2.502713530823674404e+01 1.000000000000000000e+00 1.200000000000000000e+02 1.200000000000000000e+02 6.000000000000000000e+01 3.099677396842169808e-01 1.606742086788713664e+00 6.822684020334240929e-01 1.385561858614285713e+00
0.000000000000000000e+00 1.690720000000000000e+05 2.500000000000000000e+01 2.503756771609706178e+01 1.000000000000000000e+00 1.800000000000000000e+02 1.200000000000000000e+02 6.000000000000000000e+01 2.635922034746222553e-01 1.146720601397262840e+00 4.869301916761201166e-01 1.385786836345990425e+00
0.000000000000000000e+00 1.690730000000000000e+05 2.500000000000000000e+01 2.504515221160616534e+01 1.000000000000000000e+00 2.400000000000000000e+02 1.200000000000000000e+02 6.000000000000000000e+01 2.116142172976334668e-01 9.416977231565013540e-01 3.998716446524421819e-01 1.385950197776158577e+00
0.000000000000000000e+00 1.690740000000000000e+05 3.500000000000000000e+01 3.515625498823490602e+01 1.000000000000000000e+00 6.000000000000000000e+01 1.200000000000000000e+02 6.000000000000000000e+01 2.784434138680078608e-01 5.139844479278746547e+00 2.182524195022822244e+00 1.641572073101997375e+00
0.000000000000000000e+00 1.690750000000000000e+05 3.500000000000000000e+01 3.507763830602586808e+01 1.000000000000000000e+00 1.200000000000000000e+02 1.200000000000000000e+02 6.000000000000000000e+01 2.725292263135699056e-01 2.574698651662703952e+00 1.093290297945946454e+00 1.640141164263089424e+00
0.000000000000000000e+00 1.690760000000000000e+05 3.500000000000000000e+01 3.507357051012574800e+01 1.000000000000000000e+00 1.800000000000000000e+02 1.200000000000000000e+02 6.000000000000000000e+01 2.445205144160603195e-01 1.879943379342321919e+00 7.982774434574615441e-01 1.640067110459009880e+00
0.000000000000000000e+00 1.690770000000000000e+05 3.500000000000000000e+01 3.508757248921123306e+01 1.000000000000000000e+00 2.400000000000000000e+02 1.200000000000000000e+02 6.000000000000000000e+01 2.058294436534831573e-01 1.501748102538364549e+00 6.376849692307280382e-01 1.640321920315424675e+00
0.000000000000000000e+00 1.690780000000000000e+05 5.000000000000000000e+01 5.025245930623617596e+01 1.000000000000000000e+00 6.000000000000000000e+01 1.200000000000000000e+02 9.000000000000000000e+01 2.061487333862951077e-01 8.794180378590699121e+00 3.734259184114946617e+00 1.962499042352040535e+00
0.000000000000000000e+00 1.690790000000000000e+05 5.000000000000000000e+01 5.016018706931365045e+01 1.000000000000000000e+00 1.200000000000000000e+02 1.200000000000000000e+02 9.000000000000000000e+01 2.027540583416304887e-01 4.333840162788021644e+00 1.840271831332493280e+00 1.961094160874684578e+00
0.000000000000000000e+00 1.690800000000000000e+05 5.000000000000000000e+01 5.016521827582607784e+01 1.000000000000000000e+00 1.800000000000000000e+02 1.200000000000000000e+02 9.000000000000000000e+01 1.881427710177142609e-01 3.170441795032630239e+00 1.346259785576488399e+00 1.961170703172683716e+00
0.000000000000000000e+00 1.690810000000000000e+05 5.000000000000000000e+01 5.016447584049504371e+01 1.000000000000000000e+00 2.400000000000000000e+02 1.200000000000000000e+02 9.000000000000000000e+01 1.657846205185271315e-01 2.538322477528939913e+00 1.077843939502734605e+00 1.961159437894821167e+00
0.000000000000000000e+00 1.690820000000000000e+05 5.000000000000000000e+01 5.023248481256158726e+01 1.000000000000000000e+00 3.000000000000000000e+02 1.200000000000000000e+02 9.000000000000000000e+01 1.404950634125367304e-01 2.079624871240174144e+00 8.830678858769317463e-01 1.962194879849751716e+00
0.000000000000000000e+00 1.690830000000000000e+05 7.000000000000000000e+01 7.031853682534118377e+01 1.000000000000000000e+00 6.000000000000000000e+01 1.200000000000000000e+02 9.000000000000000000e+01 1.237750070528270685e-01 1.442936375655978054e+01 6.127118367965936230e+00 2.321611091494560242e+00
0.000000000000000000e+00 1.690840000000000000e+05 7.000000000000000000e+01 7.016462316921121101e+01 1.000000000000000000e+00 1.200000000000000000e+02 1.200000000000000000e+02 9.000000000000000000e+01 1.208842540721142139e-01 7.423417131304169914e+00 3.152194110957184492e+00 2.319630160927772522e+00
0.000000000000000000e+00 1.690850000000000000e+05 7.000000000000000000e+01 7.021723965732041961e+01 1.000000000000000000e+00 1.800000000000000000e+02 1.200000000000000000e+02 9.000000000000000000e+01 1.151258576304627912e-01 4.985424015669543962e+00 2.116952872895772497e+00 2.320307433605194092e+00
0.000000000000000000e+00 1.690860000000000000e+05 7.000000000000000000e+01 7.021999704022962874e+01 1.000000000000000000e+00 2.400000000000000000e+02 1.200000000000000000e+02 9.000000000000000000e+01 1.046516969092485955e-01 4.142979825373345193e+00 1.759227102069361059e+00 2.320343047380447388e+00
0.000000000000000000e+00 1.690870000000000000e+05 7.000000000000000000e+01 7.032135975924960292e+01 1.000000000000000000e+00 3.000000000000000000e+02 1.200000000000000000e+02 9.000000000000000000e+01 9.207058890907497684e-02 3.473875172107554476e+00 1.475106230194290768e+00 2.321647375822067261e+00
0.000000000000000000e+00 1.690880000000000000e+05 9.500000000000000000e+01 9.493470245710462052e+01 1.000000000000000000e+00 1.200000000000000000e+02 1.200000000000000000e+02 9.000000000000000000e+01 6.118217291503617178e-02 1.158203369976824604e+01 4.918061019009870805e+00 2.699094593524932861e+00
0.000000000000000000e+00 1.690890000000000000e+05 9.500000000000000000e+01 9.498267858883620818e+01 1.000000000000000000e+00 1.800000000000000000e+02 1.200000000000000000e+02 9.000000000000000000e+01 5.907769070973092895e-02 7.579617751389584157e+00 3.218521338169674895e+00 2.699625412623087417e+00
0.000000000000000000e+00 1.690900000000000000e+05 9.500000000000000000e+01 9.505612861097338850e+01 1.000000000000000000e+00 2.400000000000000000e+02 1.200000000000000000e+02 9.000000000000000000e+01 5.511611246261870212e-02 6.197659585435729923e+00 2.631702584049142146e+00 2.700437883536020767e+00
0.000000000000000000e+00 1.690910000000000000e+05 9.500000000000000000e+01 9.523759966388273313e+01 1.000000000000000000e+00 3.000000000000000000e+02 1.200000000000000000e+02 9.000000000000000000e+01 4.963820387778117293e-02 5.409495660908504533e+00 2.297025758347560398e+00 2.702444016933441162e+00
0.000000000000000000e+00 1.690920000000000000e+05 9.500000000000000000e+01 9.539049659880296872e+01 1.000000000000000000e+00 3.600000000000000000e+02 1.200000000000000000e+02 9.000000000000000000e+01 4.448695414594492498e-02 4.597821936062992165e+00 1.952366002574519088e+00 2.704133371512094985e+00
0.000000000000000000e+00 1.690930000000000000e+05 1.300000000000000000e+02 1.290641837109403127e+02 1.000000000000000000e+00 1.200000000000000000e+02 1.200000000000000000e+02 9.000000000000000000e+01 2.614909418091420149e-02 1.874011947483020890e+01 7.957587887401362359e+00 3.149372547864913940e+00
0.000000000000000000e+00 1.690940000000000000e+05 1.300000000000000000e+02 1.291362992295284755e+02 1.000000000000000000e+00 1.800000000000000000e+02 1.200000000000000000e+02 9.000000000000000000e+01 2.531656119535266591e-02 1.252622102526707693e+01 5.318989819646317230e+00 3.150056153535842896e+00
0.000000000000000000e+00 1.690950000000000000e+05 1.300000000000000000e+02 1.292821861238493852e+02 1.000000000000000000e+00 2.400000000000000000e+02 1.200000000000000000e+02 9.000000000000000000e+01 2.415634912823958619e-02 9.411743149817993981e+00 3.996493906504456017e+00 3.151438911755879868e+00
0.000000000000000000e+00 1.690960000000000000e+05 1.300000000000000000e+02 1.295980803066240981e+02 1.000000000000000000e+00 3.000000000000000000e+02 1.200000000000000000e+02 9.000000000000000000e+01 2.245613847725850404e-02 8.086920211134952297e+00 3.433936395386391727e+00 3.154430737098058213e+00
0.000000000000000000e+00 1.690970000000000000e+05 1.300000000000000000e+02 1.299314632752665943e+02 1.000000000000000000e+00 3.600000000000000000e+02 1.200000000000000000e+02 9.000000000000000000e+01 2.077705247902699240e-02 7.068271602173126666e+00 3.001389215360138696e+00 3.157585223515828599e+00
0.000000000000000000e+00 1.690980000000000000e+05 1.900000000000000000e+02 1.868849858560651853e+02 1.000000000000000000e+00 1.800000000000000000e+02 1.200000000000000000e+02 1.200000000000000000e+02 9.295751861784093406e-03 2.242619830272474246e+01 9.522801827059339530e+00 3.793680498997370254e+00
0.000000000000000000e+00 1.690990000000000000e+05 1.900000000000000000e+02 1.871933838715196146e+02 1.000000000000000000e+00 2.400000000000000000e+02 1.200000000000000000e+02 1.200000000000000000e+02 9.109555137832344579e-03 1.632326307359500106e+01 6.931321899615711324e+00 3.796106527249018203e+00
0.000000000000000000e+00 1.691000000000000000e+05 1.900000000000000000e+02 1.877498481253104217e+02 1.000000000000000000e+00 3.000000000000000000e+02 1.200000000000000000e+02 1.200000000000000000e+02 8.781863884077728555e-03 1.314248936877149276e+01 5.580674891198086129e+00 3.800480027993520249e+00
0.000000000000000000e+00 1.691010000000000000e+05 1.900000000000000000e+02 1.883716251191016227e+02 1.000000000000000000e+00 3.600000000000000000e+02 1.200000000000000000e+02 1.200000000000000000e+02 8.124982787616754146e-03 1.152834345728737730e+01 4.895262614559396042e+00 3.805361429850260269e+00
0.000000000000000000e+00 1.691020000000000000e+05 1.900000000000000000e+02 1.887871634274502526e+02 1.000000000000000000e+00 4.200000000000000000e+02 1.200000000000000000e+02 1.200000000000000000e+02 7.749627603947690721e-03 9.930204796285309499e+00 4.216647471883358200e+00 3.808620393276214600e+00
0.000000000000000000e+00 1.691030000000000000e+05 2.100000000000000000e+01 2.101332271866277424e+01 1.000000000000000000e+00 1.200000000000000000e+02 1.200000000000000000e+02 6.000000000000000000e+01 3.324510673039902109e-01 1.265002027663690853e+00 5.371558503879790836e-01 1.269665745397408729e+00
0.000000000000000000e+00 1.691040000000000000e+05 2.100000000000000000e+01 2.101003824401024644e+01 1.000000000000000000e+00 1.200000000000000000e+02 1.200000000000000000e+02 6.000000000000000000e+01 3.427237418752777653e-01 1.247996271694150394e+00 5.299347225877496514e-01 1.269588460524876838e+00
0.000000000000000000e+00 1.691050000000000000e+05 2.100000000000000000e+01 2.101040559089938498e+01 1.000000000000000000e+00 1.200000000000000000e+02 1.200000000000000000e+02 6.000000000000000000e+01 3.492583671798417666e-01 1.243816010981277032e+00 5.281596649602026128e-01 1.269597075879573822e+00
0.000000000000000000e+00 1.689460000000000000e+05 8.000000000000000000e+00 8.613892938501109597e+00 0.000000000000000000e+00 1.200000000000000000e+02 6.000000000000000000e+01 3.000000000000000000e+01 5.885468382586070413e-02 3.996846323464211537e-01 1.697174659645100392e-01 8.065460845828056335e-01
0.000000000000000000e+00 1.689470000000000000e+05 1.200000000000000000e+01 1.313163714585009068e+01 0.000000000000000000e+00 1.200000000000000000e+02 6.000000000000000000e+01 3.000000000000000000e+01 5.860121668386663457e-02 6.592081847217299284e-01 2.799185497756814800e-01 9.941798423727353784e-01
0.000000000000000000e+00 1.689480000000000000e+05 4.000000000000000000e+00 4.109837549476315743e+00 0.000000000000000000e+00 1.200000000000000000e+02 1.200000000000000000e+02 3.000000000000000000e+01 8.550291447372218578e-02 8.959445857856040973e-02 3.804435608431439714e-02 5.598827923337618140e-01
0.000000000000000000e+00 1.689490000000000000e+05 8.000000000000000000e+00 8.312648588102465652e+00 0.000000000000000000e+00 1.200000000000000000e+02 1.200000000000000000e+02 3.000000000000000000e+01 1.277420423560191309e-01 2.510419873606934971e-01 1.065995700045407613e-01 7.952960034211477014e-01
0.000000000000000000e+00 1.689500000000000000e+05 1.200000000000000000e+01 1.256950003580846698e+01 0.000000000000000000e+00 1.200000000000000000e+02 1.200000000000000000e+02 3.000000000000000000e+01 1.323345214472547160e-01 4.323908012318078420e-01 1.836054357672220194e-01 9.771156807740529748e-01
0.000000000000000000e+00 1.689510000000000000e+05 2.000000000000000000e+01 2.123170584383282034e+01 0.000000000000000000e+00 1.200000000000000000e+02 1.200000000000000000e+02 6.000000000000000000e+01 1.014128655563279885e-01 8.068048220656010017e-01 3.425922811318899974e-01 1.268132090568542480e+00
0.000000000000000000e+00 1.689520000000000000e+05 3.000000000000000000e+01 3.225642241533744681e+01 0.000000000000000000e+00 1.200000000000000000e+02 1.200000000000000000e+02 6.000000000000000000e+01 7.699000661535837509e-02 1.341867172477861914e+00 5.697949776976058978e-01 1.560994426409403557e+00
0.000000000000000000e+00 1.689530000000000000e+05 4.000000000000000000e+00 4.074588041361678847e+00 0.000000000000000000e+00 1.200000000000000000e+02 1.800000000000000000e+02 3.000000000000000000e+01 2.521994938222037880e-02 5.704423257904878142e-02 2.422260406753663775e-02 5.579982039829095575e-01
0.000000000000000000e+00 1.689540000000000000e+05 8.000000000000000000e+00 8.210205998626712187e+00 0.000000000000000000e+00 1.200000000000000000e+02 1.800000000000000000e+02 3.000000000000000000e+01 1.220964194151422932e-01 1.691302435717547681e-01 7.181751319395106303e-02 7.914363394180933264e-01
0.000000000000000000e+00 1.689550000000000000e+05 1.200000000000000000e+01 1.238648579745939493e+01 0.000000000000000000e+00 1.200000000000000000e+02 1.800000000000000000e+02 3.000000000000000000e+01 1.713331573794086016e-01 3.047075506174570236e-01 1.293874949543341868e-01 9.714998329679170874e-01
0.000000000000000000e+00 1.689560000000000000e+05 2.000000000000000000e+01 2.083454787736049951e+01 0.000000000000000000e+00 1.200000000000000000e+02 1.800000000000000000e+02 6.000000000000000000e+01 1.504761726527446553e-01 6.333702554718030342e-01 2.689470299243325035e-01 1.258731198807557350e+00
0.000000000000000000e+00 1.689570000000000000e+05 3.000000000000000000e+01 3.152313587306004550e+01 0.000000000000000000e+00 1.200000000000000000e+02 1.800000000000000000e+02 6.000000000000000000e+01 1.191645127133118542e-01 1.090700501208008433e+00 4.631424633579653838e-01 1.546878064672152275e+00
0.000000000000000000e+00 1.689580000000000000e+05 4.000000000000000000e+00 4.327834357553558498e+00 0.000000000000000000e+00 1.200000000000000000e+02 2.400000000000000000e+02 3.000000000000000000e+01 4.073294991221443475e-05 3.041601986488728926e+00 1.291550737362517687e+00 5.714092118044694635e-01
0.000000000000000000e+00 1.689590000000000000e+05 8.000000000000000000e+00 8.156563875678932263e+00 0.000000000000000000e+00 1.200000000000000000e+02 2.400000000000000000e+02 3.000000000000000000e+01 5.214623153801283689e-02 1.272423964606215208e-01 5.403074159686688943e-02 7.894083335995674133e-01
