1.000000000000000056e-01 3.947485131289858035e-04
1.151395399326447244e-01 3.853999411894334925e-04
1.325711365590109270e-01 3.591694578727218368e-04
1.526417967175233426e-01 3.347242323661278607e-04
1.757510624854791981e-01 3.261219755968710471e-04
2.023589647725157203e-01 3.039259757383616645e-04
2.329951810515371868e-01 2.832406450361327210e-04
2.682695795279725903e-01 2.754398261292992367e-04
3.088843596477480746e-01 2.673888279593021611e-04
3.556480306223128718e-01 2.491902310181193930e-04
4.094915062380425352e-01 2.322302382966887416e-04
4.714866363457393406e-01 2.250815318616383037e-04
5.428675439323858987e-01 2.097623874212500850e-04
6.250551925273972742e-01 2.180419324174301399e-04
7.196856730011519376e-01 2.102088683776084585e-04
8.286427728546844618e-01 1.959019637164756064e-04
9.540954763499939206e-01 1.886544194843308569e-04
1.098541141987558367e+00 1.871573919907830105e-04
1.264855216855295783e+00 1.849902521313265616e-04
1.456348477501243632e+00 1.723997371787062624e-04
1.676832936811008201e+00 1.698470601811398993e-04
1.930697728883249642e+00 1.625652296490020035e-04
2.222996482526194306e+00 1.634615742212878683e-04
2.559547922699535683e+00 1.597673497327960039e-04
2.947051702551809704e+00 1.523561561177907628e-04
3.393221771895328143e+00 1.516676450851448844e-04
3.906939937054616951e+00 1.413450808890625611e-04
4.498432668969446269e+00 1.401330582835407217e-04
5.179474679231209855e+00 1.305955429531501649e-04
5.963623316594643065e+00 1.144047256603447724e-04
6.866488450043001457e+00 1.111552401277187503e-04
7.906043210907697905e+00 1.078181293147344611e-04
9.102981779915218397e+00 9.850978602345692239e-05
1.048113134154685255e+01 8.813296151194416339e-05
1.206792640639328873e+01 8.384573219543875466e-05
1.389495494373137419e+01 7.176044950829791116e-05
1.599858719606057278e+01 5.795954918444510412e-05
1.842069969326716361e+01 3.739485995007908389e-05
2.120950887920190553e+01 2.710536106071814028e-05
2.442053094548649739e+01 2.285479120530244188e-05
2.811768697974230946e+01 2.017826946074628702e-05
3.237457542817643485e+01 1.776020967425280626e-05
3.727593720314938253e+01 1.557782802602460798e-05
4.291934260128778078e+01 1.361024479614478082e-05
4.941713361323833453e+01 1.268392576776115714e-05
5.689866029018293148e+01 1.182065240499185176e-05
6.551285568595508835e+01 1.028172487357674990e-05
7.543120063354615468e+01 9.581946321636871690e-06
8.685113737513520960e+01 9.567637494089945103e-06
1.000000000000000000e+02 8.916460031803538286e-06
