# RunNumber Energy Ei Chopper Chopper1 Chopper2 Chopper3 Height FWHM Sigma Q
0.000000000000000000e+00 1.000000000000000000e+00 8.000000000000000000e+00 8.000000000000000000e+00 3.000000000000000000e+00 0.000000000000000000e+00 0.000000000000000000e+00 2.400000000000000000e+02 2.352848782802612060e-02 1.708315764892102406e-01 7.253994755380477333e-02 0.000000000000000000e+00
0.000000000000000000e+00 2.000000000000000000e+00 8.000000000000000000e+00 8.000000000000000000e+00 3.000000000000000000e+00 0.000000000000000000e+00 0.000000000000000000e+00 1.200000000000000000e+02 2.658181265788595038e-01 2.908602553226681819e-01 1.235075394151457229e-01 0.000000000000000000e+00
0.000000000000000000e+00 3.000000000000000000e+00 8.000000000000000000e+00 8.000000000000000000e+00 3.000000000000000000e+00 0.000000000000000000e+00 0.000000000000000000e+00 1.800000000000000000e+02 1.969819772399894753e-01 2.221250830645048746e-01 9.432062975138211236e-02 0.000000000000000000e+00
0.000000000000000000e+00 4.000000000000000000e+00 8.000000000000000000e+00 8.000000000000000000e+00 3.000000000000000000e+00 0.000000000000000000e+00 0.000000000000000000e+00 6.000000000000000000e+01 5.532461150234850578e-02 3.786775216015128009e-01 1.607972490876912186e-01 0.000000000000000000e+00
0.000000000000000000e+00 5.000000000000000000e+00 1.000000000000000000e+01 1.000000000000000000e+01 3.000000000000000000e+00 0.000000000000000000e+00 0.000000000000000000e+00 2.400000000000000000e+02 9.083412547604927112e-02 2.438541409921130276e-01 1.035474059414492748e-01 0.000000000000000000e+00
0.000000000000000000e+00 6.000000000000000000e+00 1.000000000000000000e+01 1.000000000000000000e+01 3.000000000000000000e+00 0.000000000000000000e+00 0.000000000000000000e+00 1.200000000000000000e+02 2.674053542261820571e-01 3.875238632404360284e-01 1.645536574269367558e-01 0.000000000000000000e+00
0.000000000000000000e+00 7.000000000000000000e+00 1.000000000000000000e+01 1.000000000000000000e+01 3.000000000000000000e+00 0.000000000000000000e+00 0.000000000000000000e+00 1.800000000000000000e+02 2.891835927246067528e-01 2.989676270333536112e-01 1.269501600990885770e-01 0.000000000000000000e+00
0.000000000000000000e+00 8.000000000000000000e+00 1.000000000000000000e+01 1.000000000000000000e+01 3.000000000000000000e+00 0.000000000000000000e+00 0.000000000000000000e+00 6.000000000000000000e+01 3.944341229492669132e-02 5.031772295341417900e-01 2.136633671057927009e-01 0.000000000000000000e+00
0.000000000000000000e+00 9.000000000000000000e+00 1.000000000000000000e+01 1.000000000000000000e+01 3.000000000000000000e+00 0.000000000000000000e+00 0.000000000000000000e+00 3.000000000000000000e+02 3.298603207122462731e-04 2.055047615250270299e-01 8.726316837580765096e-02 0.000000000000000000e+00
0.000000000000000000e+00 1.000000000000000000e+01 1.200000000000000000e+01 1.200000000000000000e+01 3.000000000000000000e+00 0.000000000000000000e+00 0.000000000000000000e+00 3.600000000000000000e+02 nan 2.518996188572662498e-01 1.069637447376926703e-01 0.000000000000000000e+00
0.000000000000000000e+00 1.100000000000000000e+01 1.200000000000000000e+01 1.200000000000000000e+01 3.000000000000000000e+00 0.000000000000000000e+00 0.000000000000000000e+00 3.000000000000000000e+02 1.871978899307454383e-02 2.669262289571965874e-01 1.133444708947756174e-01 0.000000000000000000e+00
0.000000000000000000e+00 1.200000000000000000e+01 1.200000000000000000e+01 1.200000000000000000e+01 3.000000000000000000e+00 0.000000000000000000e+00 0.000000000000000000e+00 2.400000000000000000e+02 1.571777285746116526e-01 3.249173664574619425e-01 1.379691577314063333e-01 0.000000000000000000e+00
0.000000000000000000e+00 1.300000000000000000e+01 1.200000000000000000e+01 1.200000000000000000e+01 3.000000000000000000e+00 0.000000000000000000e+00 0.000000000000000000e+00 1.800000000000000000e+02 3.094918798268847526e-01 3.849998239122880972e-01 1.634818785190182977e-01 0.000000000000000000e+00
0.000000000000000000e+00 1.400000000000000000e+01 1.200000000000000000e+01 1.200000000000000000e+01 3.000000000000000000e+00 0.000000000000000000e+00 0.000000000000000000e+00 1.200000000000000000e+02 2.253541378189029554e-01 4.848735424946552519e-01 2.058911008469873627e-01 0.000000000000000000e+00
0.000000000000000000e+00 1.500000000000000000e+01 1.200000000000000000e+01 1.200000000000000000e+01 3.000000000000000000e+00 0.000000000000000000e+00 0.000000000000000000e+00 6.000000000000000000e+01 2.327795654464731578e-02 6.390284421744631960e-01 2.713496569742943620e-01 0.000000000000000000e+00
0.000000000000000000e+00 1.600000000000000000e+01 1.500000000000000000e+01 1.500000000000000000e+01 3.000000000000000000e+00 0.000000000000000000e+00 0.000000000000000000e+00 4.200000000000000000e+02 nan 3.313806530522980243e-01 1.407136531007635027e-01 0.000000000000000000e+00
0.000000000000000000e+00 1.700000000000000000e+01 1.500000000000000000e+01 1.500000000000000000e+01 3.000000000000000000e+00 0.000000000000000000e+00 0.000000000000000000e+00 3.600000000000000000e+02 1.998717210236285527e-03 3.336023960937228305e-01 1.416570684049778539e-01 0.000000000000000000e+00
0.000000000000000000e+00 1.800000000000000000e+01 1.500000000000000000e+01 1.500000000000000000e+01 3.000000000000000000e+00 0.000000000000000000e+00 0.000000000000000000e+00 3.000000000000000000e+02 7.414767988562258327e-02 3.784627700912190362e-01 1.607060594867172065e-01 0.000000000000000000e+00
0.000000000000000000e+00 1.900000000000000000e+01 1.500000000000000000e+01 1.500000000000000000e+01 3.000000000000000000e+00 0.000000000000000000e+00 0.000000000000000000e+00 2.400000000000000000e+02 2.358906300294895952e-01 4.464391660109999216e-01 1.895707711299362830e-01 0.000000000000000000e+00
0.000000000000000000e+00 2.000000000000000000e+01 1.500000000000000000e+01 1.500000000000000000e+01 3.000000000000000000e+00 0.000000000000000000e+00 0.000000000000000000e+00 1.800000000000000000e+02 3.118512267879842703e-01 5.312935718048464873e-01 2.256023659468562592e-01 0.000000000000000000e+00
0.000000000000000000e+00 2.100000000000000000e+01 1.500000000000000000e+01 1.500000000000000000e+01 3.000000000000000000e+00 0.000000000000000000e+00 0.000000000000000000e+00 1.200000000000000000e+02 1.794678982884111151e-01 6.348493095103543427e-01 2.695750783483458202e-01 0.000000000000000000e+00
0.000000000000000000e+00 2.200000000000000000e+01 1.500000000000000000e+01 1.500000000000000000e+01 3.000000000000000000e+00 0.000000000000000000e+00 0.000000000000000000e+00 6.000000000000000000e+01 9.682120330922317983e-03 8.634104174673020715e-01 3.666286273746505731e-01 0.000000000000000000e+00
0.000000000000000000e+00 2.300000000000000000e+01 4.000000000000000000e+02 4.000000000000000000e+02 3.000000000000000000e+00 0.000000000000000000e+00 0.000000000000000000e+00 4.800000000000000000e+02 1.668652143089753657e-03 1.796290139438205102e+01 7.627558978506178811e+00 0.000000000000000000e+00
0.000000000000000000e+00 2.400000000000000000e+01 4.000000000000000000e+02 4.000000000000000000e+02 3.000000000000000000e+00 0.000000000000000000e+00 0.000000000000000000e+00 4.200000000000000000e+02 1.052520614237236959e-03 1.900895288112281634e+01 8.071742200052151262e+00 0.000000000000000000e+00
0.000000000000000000e+00 2.500000000000000000e+01 4.000000000000000000e+02 4.000000000000000000e+02 3.000000000000000000e+00 0.000000000000000000e+00 0.000000000000000000e+00 3.600000000000000000e+02 5.141728216911177311e-04 2.060543488725691574e+01 8.749653879939241818e+00 0.000000000000000000e+00
0.000000000000000000e+00 2.600000000000000000e+01 4.000000000000000000e+02 4.000000000000000000e+02 3.000000000000000000e+00 0.000000000000000000e+00 0.000000000000000000e+00 3.000000000000000000e+02 1.225702125924380795e-04 2.321672287519929512e+01 9.858481051040040910e+00 0.000000000000000000e+00
0.000000000000000000e+00 2.700000000000000000e+01 4.000000000000000000e+02 4.000000000000000000e+02 3.000000000000000000e+00 0.000000000000000000e+00 0.000000000000000000e+00 2.400000000000000000e+02 nan 2.778464420348535668e+01 1.179815040487700983e+01 0.000000000000000000e+00
0.000000000000000000e+00 2.800000000000000000e+01 4.000000000000000000e+02 4.000000000000000000e+02 3.000000000000000000e+00 0.000000000000000000e+00 0.000000000000000000e+00 6.000000000000000000e+02 2.981059928609313021e-03 1.663960397355188547e+01 7.065649245669590073e+00 0.000000000000000000e+00
0.000000000000000000e+00 2.900000000000000000e+01 4.000000000000000000e+02 4.000000000000000000e+02 3.000000000000000000e+00 0.000000000000000000e+00 0.000000000000000000e+00 5.400000000000000000e+02 2.321108749958632634e-03 1.721978773881846791e+01 7.312011778691493546e+00 0.000000000000000000e+00
0.000000000000000000e+00 3.000000000000000000e+01 2.000000000000000000e+01 2.000000000000000000e+01 3.000000000000000000e+00 0.000000000000000000e+00 0.000000000000000000e+00 4.200000000000000000e+02 1.047968609738752360e-03 4.702188080368690515e-01 1.996682836674603112e-01 0.000000000000000000e+00
0.000000000000000000e+00 3.100000000000000000e+01 2.000000000000000000e+01 2.000000000000000000e+01 3.000000000000000000e+00 0.000000000000000000e+00 0.000000000000000000e+00 3.600000000000000000e+02 5.538835190186144203e-02 5.129585289657968561e-01 2.178167851234806274e-01 0.000000000000000000e+00
0.000000000000000000e+00 3.200000000000000000e+01 2.000000000000000000e+01 2.000000000000000000e+01 3.000000000000000000e+00 0.000000000000000000e+00 0.000000000000000000e+00 3.000000000000000000e+02 1.946855895872719733e-01 5.906808649082273543e-01 2.508199001733449340e-01 0.000000000000000000e+00
0.000000000000000000e+00 3.300000000000000000e+01 2.000000000000000000e+01 2.000000000000000000e+01 3.000000000000000000e+00 0.000000000000000000e+00 0.000000000000000000e+00 2.400000000000000000e+02 3.220452361669299823e-01 6.592957712101127354e-01 2.799557414904937369e-01 0.000000000000000000e+00
0.000000000000000000e+00 3.400000000000000000e+01 2.000000000000000000e+01 2.000000000000000000e+01 3.000000000000000000e+00 0.000000000000000000e+00 0.000000000000000000e+00 1.800000000000000000e+02 3.010797214392243459e-01 7.882416980247305416e-01 3.347098505412868796e-01 0.000000000000000000e+00
0.000000000000000000e+00 3.500000000000000000e+01 2.000000000000000000e+01 2.000000000000000000e+01 3.000000000000000000e+00 0.000000000000000000e+00 0.000000000000000000e+00 1.200000000000000000e+02 1.384812738265143173e-01 8.986513987597078978e-01 3.815929506410649097e-01 0.000000000000000000e+00
0.000000000000000000e+00 3.600000000000000000e+01 2.000000000000000000e+01 2.000000000000000000e+01 3.000000000000000000e+00 0.000000000000000000e+00 0.000000000000000000e+00 6.000000000000000000e+01 9.405735579963763133e-04 1.289268199384969504e+00 5.474599572759955013e-01 0.000000000000000000e+00
0.000000000000000000e+00 3.700000000000000000e+01 1.500000000000000000e+02 1.500000000000000000e+02 3.000000000000000000e+00 0.000000000000000000e+00 0.000000000000000000e+00 4.800000000000000000e+02 2.573807659100990283e-02 5.691946424423554696e+00 2.416962388290256669e+00 0.000000000000000000e+00
0.000000000000000000e+00 3.800000000000000000e+01 1.500000000000000000e+02 1.500000000000000000e+02 3.000000000000000000e+00 0.000000000000000000e+00 0.000000000000000000e+00 4.200000000000000000e+02 2.086525224041639592e-02 5.991685512813813119e+00 2.544240132829644452e+00 0.000000000000000000e+00
0.000000000000000000e+00 3.900000000000000000e+01 1.500000000000000000e+02 1.500000000000000000e+02 3.000000000000000000e+00 0.000000000000000000e+00 0.000000000000000000e+00 3.600000000000000000e+02 1.527049860350411167e-02 6.297093984625803387e+00 2.673925258864460197e+00 0.000000000000000000e+00
0.000000000000000000e+00 4.000000000000000000e+01 1.500000000000000000e+02 1.500000000000000000e+02 3.000000000000000000e+00 0.000000000000000000e+00 0.000000000000000000e+00 5.400000000000000000e+02 2.907317542953094178e-02 5.333191164480344248e+00 2.264624698293139726e+00 0.000000000000000000e+00
0.000000000000000000e+00 4.100000000000000000e+01 1.500000000000000000e+02 1.500000000000000000e+02 3.000000000000000000e+00 0.000000000000000000e+00 0.000000000000000000e+00 3.000000000000000000e+02 9.514450934340156277e-03 6.699539706232787495e+00 2.844815161882287669e+00 0.000000000000000000e+00
0.000000000000000000e+00 4.200000000000000000e+01 1.500000000000000000e+02 1.500000000000000000e+02 3.000000000000000000e+00 0.000000000000000000e+00 0.000000000000000000e+00 2.400000000000000000e+02 4.222409184617511267e-03 7.388895944937028837e+00 3.137535433094279735e+00 0.000000000000000000e+00
0.000000000000000000e+00 4.300000000000000000e+01 1.500000000000000000e+02 1.500000000000000000e+02 3.000000000000000000e+00 0.000000000000000000e+00 0.000000000000000000e+00 1.200000000000000000e+02 nan 1.258709509324778431e+01 5.344838680784621765e+00 0.000000000000000000e+00
0.000000000000000000e+00 4.400000000000000000e+01 1.500000000000000000e+02 1.500000000000000000e+02 3.000000000000000000e+00 0.000000000000000000e+00 0.000000000000000000e+00 1.800000000000000000e+02 5.115860314266542112e-04 8.849310956551125429e+00 3.757669195987738853e+00 0.000000000000000000e+00
0.000000000000000000e+00 4.500000000000000000e+01 1.500000000000000000e+02 1.500000000000000000e+02 3.000000000000000000e+00 0.000000000000000000e+00 0.000000000000000000e+00 6.000000000000000000e+02 2.983440935070136302e-02 4.914947530763806860e+00 2.087026552341319174e+00 0.000000000000000000e+00
0.000000000000000000e+00 4.600000000000000000e+01 1.500000000000000000e+02 1.500000000000000000e+02 3.000000000000000000e+00 0.000000000000000000e+00 0.000000000000000000e+00 6.000000000000000000e+01 nan 2.597475453384705091e+01 1.102961975959535046e+01 0.000000000000000000e+00
0.000000000000000000e+00 4.700000000000000000e+01 2.500000000000000000e+01 2.500000000000000000e+01 3.000000000000000000e+00 0.000000000000000000e+00 0.000000000000000000e+00 4.800000000000000000e+02 4.750662624085863776e-06 6.153086030229414360e-01 2.612775384386163413e-01 0.000000000000000000e+00
0.000000000000000000e+00 4.800000000000000000e+01 2.500000000000000000e+01 2.500000000000000000e+01 3.000000000000000000e+00 0.000000000000000000e+00 0.000000000000000000e+00 4.200000000000000000e+02 3.219436130906699889e-02 6.511025218161551331e-01 2.764766546990042873e-01 0.000000000000000000e+00
0.000000000000000000e+00 4.900000000000000000e+01 2.500000000000000000e+01 2.500000000000000000e+01 3.000000000000000000e+00 0.000000000000000000e+00 0.000000000000000000e+00 3.600000000000000000e+02 1.330281964965152053e-01 7.268569505660523733e-01 3.086441403677504525e-01 0.000000000000000000e+00
0.000000000000000000e+00 5.000000000000000000e+01 2.500000000000000000e+01 2.500000000000000000e+01 3.000000000000000000e+00 0.000000000000000000e+00 0.000000000000000000e+00 3.000000000000000000e+02 2.694236614344858727e-01 8.036417171390035641e-01 3.412491367893857874e-01 0.000000000000000000e+00
0.000000000000000000e+00 5.100000000000000000e+01 2.500000000000000000e+01 2.500000000000000000e+01 3.000000000000000000e+00 0.000000000000000000e+00 0.000000000000000000e+00 2.400000000000000000e+02 3.317790634315136433e-01 9.073595562308468532e-01 3.852906820513150032e-01 0.000000000000000000e+00
0.000000000000000000e+00 5.200000000000000000e+01 2.500000000000000000e+01 2.500000000000000000e+01 3.000000000000000000e+00 0.000000000000000000e+00 0.000000000000000000e+00 1.800000000000000000e+02 2.517910173031266408e-01 1.045822704191957886e+00 4.440860739668611168e-01 0.000000000000000000e+00
0.000000000000000000e+00 5.300000000000000000e+01 2.500000000000000000e+01 2.500000000000000000e+01 3.000000000000000000e+00 0.000000000000000000e+00 0.000000000000000000e+00 1.200000000000000000e+02 9.932978492546266913e-02 1.181628685923648669e+00 5.017531575047340375e-01 0.000000000000000000e+00
0.000000000000000000e+00 5.400000000000000000e+01 2.500000000000000000e+01 2.500000000000000000e+01 3.000000000000000000e+00 0.000000000000000000e+00 0.000000000000000000e+00 6.000000000000000000e+01 nan 1.775219718979986538e+00 7.538087978683594148e-01 0.000000000000000000e+00
0.000000000000000000e+00 5.500000000000000000e+01 3.000000000000000000e+01 3.000000000000000000e+01 3.000000000000000000e+00 0.000000000000000000e+00 0.000000000000000000e+00 4.800000000000000000e+02 1.374365062275067877e-02 7.960638406868110195e-01 3.380313548563953496e-01 0.000000000000000000e+00
0.000000000000000000e+00 5.600000000000000000e+01 3.000000000000000000e+01 3.000000000000000000e+01 3.000000000000000000e+00 0.000000000000000000e+00 0.000000000000000000e+00 4.200000000000000000e+02 7.587123321790618935e-02 8.625900190603325024e-01 3.662802628706295360e-01 0.000000000000000000e+00
0.000000000000000000e+00 5.700000000000000000e+01 3.000000000000000000e+01 3.000000000000000000e+01 3.000000000000000000e+00 0.000000000000000000e+00 0.000000000000000000e+00 3.600000000000000000e+02 1.842250875759639250e-01 9.541586919960686197e-01 4.051629265376087696e-01 0.000000000000000000e+00
0.000000000000000000e+00 5.800000000000000000e+01 3.000000000000000000e+01 3.000000000000000000e+01 3.000000000000000000e+00 0.000000000000000000e+00 0.000000000000000000e+00 6.000000000000000000e+01 nan 2.316487827222913243e+00 9.836466357634451319e-01 0.000000000000000000e+00
0.000000000000000000e+00 5.900000000000000000e+01 3.000000000000000000e+01 3.000000000000000000e+01 3.000000000000000000e+00 0.000000000000000000e+00 0.000000000000000000e+00 3.000000000000000000e+02 2.750766987307131095e-01 1.030036807445135150e+00 4.373829330977219154e-01 0.000000000000000000e+00
0.000000000000000000e+00 6.000000000000000000e+01 3.000000000000000000e+01 3.000000000000000000e+01 3.000000000000000000e+00 0.000000000000000000e+00 0.000000000000000000e+00 2.400000000000000000e+02 2.852182110892841904e-01 1.177446461776066267e+00 4.999772661469495949e-01 0.000000000000000000e+00
0.000000000000000000e+00 6.100000000000000000e+01 3.000000000000000000e+01 3.000000000000000000e+01 3.000000000000000000e+00 0.000000000000000000e+00 0.000000000000000000e+00 1.800000000000000000e+02 1.899530547839008987e-01 1.310026037005703969e+00 5.562743256924432833e-01 0.000000000000000000e+00
0.000000000000000000e+00 6.200000000000000000e+01 3.000000000000000000e+01 3.000000000000000000e+01 3.000000000000000000e+00 0.000000000000000000e+00 0.000000000000000000e+00 1.200000000000000000e+02 6.513823753032216279e-02 1.484364703741301250e+00 6.303034835419538684e-01 0.000000000000000000e+00
0.000000000000000000e+00 6.300000000000000000e+01 3.000000000000000000e+01 3.000000000000000000e+01 3.000000000000000000e+00 0.000000000000000000e+00 0.000000000000000000e+00 5.400000000000000000e+02 nan 7.696993538317463690e-01 3.268362436652850755e-01 0.000000000000000000e+00
0.000000000000000000e+00 6.400000000000000000e+01 4.000000000000000000e+01 4.000000000000000000e+01 3.000000000000000000e+00 0.000000000000000000e+00 0.000000000000000000e+00 4.800000000000000000e+02 7.451483580394212269e-02 1.231406144075495535e+00 5.228900824099769196e-01 0.000000000000000000e+00
0.000000000000000000e+00 6.500000000000000000e+01 4.000000000000000000e+01 4.000000000000000000e+01 3.000000000000000000e+00 0.000000000000000000e+00 0.000000000000000000e+00 4.200000000000000000e+02 1.600935809610534444e-01 1.332373060701098400e+00 5.657635077287042069e-01 0.000000000000000000e+00
0.000000000000000000e+00 6.600000000000000000e+01 4.000000000000000000e+01 4.000000000000000000e+01 3.000000000000000000e+00 0.000000000000000000e+00 0.000000000000000000e+00 3.600000000000000000e+02 2.372287707525729816e-01 1.412455270309870281e+00 5.997686922759534189e-01 0.000000000000000000e+00
0.000000000000000000e+00 6.700000000000000000e+01 4.000000000000000000e+01 4.000000000000000000e+01 3.000000000000000000e+00 0.000000000000000000e+00 0.000000000000000000e+00 6.000000000000000000e+01 nan 3.549711899234094137e+00 1.507308662095156793e+00 0.000000000000000000e+00
0.000000000000000000e+00 6.800000000000000000e+01 4.000000000000000000e+01 4.000000000000000000e+01 3.000000000000000000e+00 0.000000000000000000e+00 0.000000000000000000e+00 3.000000000000000000e+02 2.662666136345759327e-01 1.551761039590572544e+00 6.589218851764638840e-01 0.000000000000000000e+00
0.000000000000000000e+00 6.900000000000000000e+01 4.000000000000000000e+01 4.000000000000000000e+01 3.000000000000000000e+00 0.000000000000000000e+00 0.000000000000000000e+00 2.400000000000000000e+02 2.193632179407379867e-01 1.722707035945326703e+00 7.315104186604359793e-01 0.000000000000000000e+00
0.000000000000000000e+00 7.000000000000000000e+01 4.000000000000000000e+01 4.000000000000000000e+01 3.000000000000000000e+00 0.000000000000000000e+00 0.000000000000000000e+00 6.000000000000000000e+02 2.705975040469754613e-04 1.113839723907434465e+00 4.729680356294838628e-01 0.000000000000000000e+00
0.000000000000000000e+00 7.100000000000000000e+01 4.000000000000000000e+01 4.000000000000000000e+01 3.000000000000000000e+00 0.000000000000000000e+00 0.000000000000000000e+00 1.800000000000000000e+02 1.263283551529746918e-01 1.864922523968281398e+00 7.918991609207139959e-01 0.000000000000000000e+00
0.000000000000000000e+00 7.200000000000000000e+01 4.000000000000000000e+01 4.000000000000000000e+01 3.000000000000000000e+00 0.000000000000000000e+00 0.000000000000000000e+00 1.200000000000000000e+02 3.235699551572858435e-02 2.148469410429045379e+00 9.123012358509746678e-01 0.000000000000000000e+00
0.000000000000000000e+00 7.300000000000000000e+01 4.000000000000000000e+01 4.000000000000000000e+01 3.000000000000000000e+00 0.000000000000000000e+00 0.000000000000000000e+00 5.400000000000000000e+02 2.015231903011691084e-02 1.153562538656387693e+00 4.898354728901858635e-01 0.000000000000000000e+00
0.000000000000000000e+00 7.400000000000000000e+01 3.000000000000000000e+02 3.000000000000000000e+02 3.000000000000000000e+00 0.000000000000000000e+00 0.000000000000000000e+00 4.800000000000000000e+02 3.830389743922931519e-03 1.284081275029112845e+01 5.452574416259502676e+00 0.000000000000000000e+00
0.000000000000000000e+00 7.500000000000000000e+01 3.000000000000000000e+02 3.000000000000000000e+02 3.000000000000000000e+00 0.000000000000000000e+00 0.000000000000000000e+00 4.200000000000000000e+02 2.661332868116904511e-03 1.345501124519027591e+01 5.713380571206061909e+00 0.000000000000000000e+00
0.000000000000000000e+00 7.600000000000000000e+01 3.000000000000000000e+02 3.000000000000000000e+02 3.000000000000000000e+00 0.000000000000000000e+00 0.000000000000000000e+00 3.600000000000000000e+02 1.562138875492843177e-03 1.435957569884211260e+01 6.097484373181364603e+00 0.000000000000000000e+00
0.000000000000000000e+00 7.700000000000000000e+01 3.000000000000000000e+02 3.000000000000000000e+02 3.000000000000000000e+00 0.000000000000000000e+00 0.000000000000000000e+00 5.400000000000000000e+02 5.003002303988196911e-03 1.236674226073527016e+01 5.251270599038331710e+00 0.000000000000000000e+00
0.000000000000000000e+00 7.800000000000000000e+01 3.000000000000000000e+02 3.000000000000000000e+02 3.000000000000000000e+00 0.000000000000000000e+00 0.000000000000000000e+00 3.000000000000000000e+02 6.326036704202405098e-04 1.584393172754071344e+01 6.727784173053381167e+00 0.000000000000000000e+00
0.000000000000000000e+00 7.900000000000000000e+01 3.000000000000000000e+02 3.000000000000000000e+02 3.000000000000000000e+00 0.000000000000000000e+00 0.000000000000000000e+00 2.400000000000000000e+02 5.573167567724435814e-05 1.851340893112987374e+01 7.861320140607165108e+00 0.000000000000000000e+00
0.000000000000000000e+00 8.000000000000000000e+01 3.000000000000000000e+02 3.000000000000000000e+02 3.000000000000000000e+00 0.000000000000000000e+00 0.000000000000000000e+00 1.200000000000000000e+02 nan 3.587209159933521363e+01 1.523231065789181038e+01 0.000000000000000000e+00
0.000000000000000000e+00 8.100000000000000000e+01 3.000000000000000000e+02 3.000000000000000000e+02 3.000000000000000000e+00 0.000000000000000000e+00 0.000000000000000000e+00 1.800000000000000000e+02 nan 2.379167853228380025e+01 1.010262358058760057e+01 0.000000000000000000e+00
0.000000000000000000e+00 8.200000000000000000e+01 3.000000000000000000e+02 3.000000000000000000e+02 3.000000000000000000e+00 0.000000000000000000e+00 0.000000000000000000e+00 6.000000000000000000e+02 6.124242669462662617e-03 1.194762733878962102e+01 5.073302479316187608e+00 0.000000000000000000e+00
0.000000000000000000e+00 8.300000000000000000e+01 3.000000000000000000e+02 3.000000000000000000e+02 3.000000000000000000e+00 0.000000000000000000e+00 0.000000000000000000e+00 6.000000000000000000e+01 nan 7.534755222114850426e+01 3.199471431895902640e+01 0.000000000000000000e+00
0.000000000000000000e+00 8.400000000000000000e+01 5.000000000000000000e+01 5.000000000000000000e+01 3.000000000000000000e+00 0.000000000000000000e+00 0.000000000000000000e+00 4.800000000000000000e+02 1.218981039391667520e-01 1.721967801162506362e+00 7.311965185403423995e-01 0.000000000000000000e+00
0.000000000000000000e+00 8.500000000000000000e+01 5.000000000000000000e+01 5.000000000000000000e+01 3.000000000000000000e+00 0.000000000000000000e+00 0.000000000000000000e+00 4.200000000000000000e+02 1.847564534163649574e-01 1.809692563550712618e+00 7.684469484291773789e-01 0.000000000000000000e+00
0.000000000000000000e+00 8.600000000000000000e+01 5.000000000000000000e+01 5.000000000000000000e+01 3.000000000000000000e+00 0.000000000000000000e+00 0.000000000000000000e+00 3.600000000000000000e+02 2.200212792559974040e-01 1.928541157401937767e+00 8.189134426335191730e-01 0.000000000000000000e+00
0.000000000000000000e+00 8.700000000000000000e+01 5.000000000000000000e+01 5.000000000000000000e+01 3.000000000000000000e+00 0.000000000000000000e+00 0.000000000000000000e+00 6.000000000000000000e+01 nan 4.964141420716035036e+00 2.107915677586426728e+00 0.000000000000000000e+00
0.000000000000000000e+00 8.800000000000000000e+01 5.000000000000000000e+01 5.000000000000000000e+01 3.000000000000000000e+00 0.000000000000000000e+00 0.000000000000000000e+00 3.000000000000000000e+02 2.103105684587492641e-01 2.123784291571041205e+00 9.018192320896141201e-01 0.000000000000000000e+00
0.000000000000000000e+00 8.900000000000000000e+01 5.000000000000000000e+01 5.000000000000000000e+01 3.000000000000000000e+00 0.000000000000000000e+00 0.000000000000000000e+00 2.400000000000000000e+02 1.527965076967761904e-01 2.282026635763993117e+00 9.690134334454323373e-01 0.000000000000000000e+00
0.000000000000000000e+00 9.000000000000000000e+01 5.000000000000000000e+01 5.000000000000000000e+01 3.000000000000000000e+00 0.000000000000000000e+00 0.000000000000000000e+00 6.000000000000000000e+02 1.861532060951809689e-02 1.531588076936418963e+00 6.503558713105812572e-01 0.000000000000000000e+00
0.000000000000000000e+00 9.100000000000000000e+01 5.000000000000000000e+01 5.000000000000000000e+01 3.000000000000000000e+00 0.000000000000000000e+00 0.000000000000000000e+00 1.800000000000000000e+02 7.930560097298830491e-02 2.457647046177736438e+00 1.043586856126427431e+00 0.000000000000000000e+00
0.000000000000000000e+00 9.200000000000000000e+01 5.000000000000000000e+01 5.000000000000000000e+01 3.000000000000000000e+00 0.000000000000000000e+00 0.000000000000000000e+00 1.200000000000000000e+02 1.433773855129999268e-02 2.887639081912476424e+00 1.226173707818461356e+00 0.000000000000000000e+00
0.000000000000000000e+00 9.300000000000000000e+01 5.000000000000000000e+01 5.000000000000000000e+01 3.000000000000000000e+00 0.000000000000000000e+00 0.000000000000000000e+00 5.400000000000000000e+02 5.938588307476189848e-02 1.614227800933688117e+00 6.854470492287423333e-01 0.000000000000000000e+00
0.000000000000000000e+00 9.400000000000000000e+01 6.000000000000000000e+01 6.000000000000000000e+01 3.000000000000000000e+00 0.000000000000000000e+00 0.000000000000000000e+00 4.800000000000000000e+02 1.330170223638847127e-01 2.220669525035861458e+00 9.429594586139539159e-01 0.000000000000000000e+00
0.000000000000000000e+00 9.500000000000000000e+01 6.000000000000000000e+01 6.000000000000000000e+01 3.000000000000000000e+00 0.000000000000000000e+00 0.000000000000000000e+00 4.200000000000000000e+02 1.666599665966487231e-01 2.320748371005693755e+00 9.854557838665366498e-01 0.000000000000000000e+00
0.000000000000000000e+00 9.600000000000000000e+01 6.000000000000000000e+01 6.000000000000000000e+01 3.000000000000000000e+00 0.000000000000000000e+00 0.000000000000000000e+00 3.600000000000000000e+02 1.758506541895132613e-01 2.501761784683718570e+00 1.062319229165060941e+00 0.000000000000000000e+00
0.000000000000000000e+00 9.700000000000000000e+01 6.000000000000000000e+01 6.000000000000000000e+01 3.000000000000000000e+00 0.000000000000000000e+00 0.000000000000000000e+00 6.000000000000000000e+01 nan 6.541632471713800356e+00 2.777763257627940519e+00 0.000000000000000000e+00
0.000000000000000000e+00 9.800000000000000000e+01 6.000000000000000000e+01 6.000000000000000000e+01 3.000000000000000000e+00 0.000000000000000000e+00 0.000000000000000000e+00 3.000000000000000000e+02 1.496329415704836518e-01 2.700535565987991049e+00 1.146724231842034314e+00 0.000000000000000000e+00
0.000000000000000000e+00 9.900000000000000000e+01 6.000000000000000000e+01 6.000000000000000000e+01 3.000000000000000000e+00 0.000000000000000000e+00 0.000000000000000000e+00 2.400000000000000000e+02 1.012006514936375501e-01 2.861989624163201906e+00 1.215282218328323616e+00 0.000000000000000000e+00
0.000000000000000000e+00 1.000000000000000000e+02 6.000000000000000000e+01 6.000000000000000000e+01 3.000000000000000000e+00 0.000000000000000000e+00 0.000000000000000000e+00 1.200000000000000000e+02 5.459677717708046225e-03 3.697308082930393258e+00 1.569982200819699969e+00 0.000000000000000000e+00
0.000000000000000000e+00 1.010000000000000000e+02 6.000000000000000000e+01 6.000000000000000000e+01 3.000000000000000000e+00 0.000000000000000000e+00 0.000000000000000000e+00 1.800000000000000000e+02 4.774336297280981634e-02 3.087837677723304974e+00 1.311183727271042487e+00 0.000000000000000000e+00
0.000000000000000000e+00 1.020000000000000000e+02 6.000000000000000000e+01 6.000000000000000000e+01 3.000000000000000000e+00 0.000000000000000000e+00 0.000000000000000000e+00 6.000000000000000000e+02 4.181134109626576806e-02 2.008529653693802430e+00 8.528788338402558677e-01 0.000000000000000000e+00
0.000000000000000000e+00 1.030000000000000000e+02 6.000000000000000000e+01 6.000000000000000000e+01 3.000000000000000000e+00 0.000000000000000000e+00 0.000000000000000000e+00 5.400000000000000000e+02 8.479666238967520364e-02 2.119760330072442134e+00 9.001105435551771672e-01 0.000000000000000000e+00
0.000000000000000000e+00 1.040000000000000000e+02 7.000000000000000000e+01 7.000000000000000000e+01 3.000000000000000000e+00 0.000000000000000000e+00 0.000000000000000000e+00 4.800000000000000000e+02 1.226045602477680990e-01 2.731326857115817575e+00 1.159799090070410932e+00 0.000000000000000000e+00
0.000000000000000000e+00 1.050000000000000000e+02 7.000000000000000000e+01 7.000000000000000000e+01 3.000000000000000000e+00 0.000000000000000000e+00 0.000000000000000000e+00 4.200000000000000000e+02 1.382510281297509303e-01 2.878631338364775250e+00 1.222348763636847302e+00 0.000000000000000000e+00
0.000000000000000000e+00 1.060000000000000000e+02 7.000000000000000000e+01 7.000000000000000000e+01 3.000000000000000000e+00 0.000000000000000000e+00 0.000000000000000000e+00 3.600000000000000000e+02 1.330737119875218810e-01 3.101518377604167043e+00 1.316992941657820326e+00 0.000000000000000000e+00
0.000000000000000000e+00 1.070000000000000000e+02 7.000000000000000000e+01 7.000000000000000000e+01 3.000000000000000000e+00 0.000000000000000000e+00 0.000000000000000000e+00 6.000000000000000000e+01 nan 8.268276458668166740e+00 3.510945417693489112e+00 0.000000000000000000e+00
0.000000000000000000e+00 1.080000000000000000e+02 7.000000000000000000e+01 7.000000000000000000e+01 3.000000000000000000e+00 0.000000000000000000e+00 0.000000000000000000e+00 3.000000000000000000e+02 1.050309788779828640e-01 3.286361328849583430e+00 1.395482517558209512e+00 0.000000000000000000e+00
0.000000000000000000e+00 1.090000000000000000e+02 7.000000000000000000e+01 7.000000000000000000e+01 3.000000000000000000e+00 0.000000000000000000e+00 0.000000000000000000e+00 2.400000000000000000e+02 6.729710573244875038e-02 3.463279596527550463e+00 1.470607047357770814e+00 0.000000000000000000e+00
0.000000000000000000e+00 1.100000000000000000e+02 7.000000000000000000e+01 7.000000000000000000e+01 3.000000000000000000e+00 0.000000000000000000e+00 0.000000000000000000e+00 1.200000000000000000e+02 1.684823754440974543e-03 4.572896225005441018e+00 1.941781836520357185e+00 0.000000000000000000e+00
0.000000000000000000e+00 1.110000000000000000e+02 7.000000000000000000e+01 7.000000000000000000e+01 3.000000000000000000e+00 0.000000000000000000e+00 0.000000000000000000e+00 1.800000000000000000e+02 2.884228996802167683e-02 3.753867648309178406e+00 1.593999001405171256e+00 0.000000000000000000e+00
0.000000000000000000e+00 1.120000000000000000e+02 7.000000000000000000e+01 7.000000000000000000e+01 3.000000000000000000e+00 0.000000000000000000e+00 0.000000000000000000e+00 6.000000000000000000e+02 5.720015638079958831e-02 2.523800122889606090e+00 1.071677334560342310e+00 0.000000000000000000e+00
0.000000000000000000e+00 1.130000000000000000e+02 7.000000000000000000e+01 7.000000000000000000e+01 3.000000000000000000e+00 0.000000000000000000e+00 0.000000000000000000e+00 5.400000000000000000e+02 9.306381753255893452e-02 2.639643644582202686e+00 1.120867789631508682e+00 0.000000000000000000e+00
0.000000000000000000e+00 1.140000000000000000e+02 2.000000000000000000e+02 2.000000000000000000e+02 3.000000000000000000e+00 0.000000000000000000e+00 0.000000000000000000e+00 4.800000000000000000e+02 1.151454362566100252e-02 8.029447665343786511e+00 3.409531917343433971e+00 0.000000000000000000e+00
0.000000000000000000e+00 1.150000000000000000e+02 2.000000000000000000e+02 2.000000000000000000e+02 3.000000000000000000e+00 0.000000000000000000e+00 0.000000000000000000e+00 4.200000000000000000e+02 8.786757043922153315e-03 8.380784611356000724e+00 3.558719580193630883e+00 0.000000000000000000e+00
0.000000000000000000e+00 1.160000000000000000e+02 2.000000000000000000e+02 2.000000000000000000e+02 3.000000000000000000e+00 0.000000000000000000e+00 0.000000000000000000e+00 3.600000000000000000e+02 5.976365663899295758e-03 8.819873287439676801e+00 3.745169124178206577e+00 0.000000000000000000e+00
0.000000000000000000e+00 1.170000000000000000e+02 2.000000000000000000e+02 2.000000000000000000e+02 3.000000000000000000e+00 0.000000000000000000e+00 0.000000000000000000e+00 5.400000000000000000e+02 1.395827162783380530e-02 7.688332045214077759e+00 3.264684520260754841e+00 0.000000000000000000e+00
0.000000000000000000e+00 1.180000000000000000e+02 2.000000000000000000e+02 2.000000000000000000e+02 3.000000000000000000e+00 0.000000000000000000e+00 0.000000000000000000e+00 3.000000000000000000e+02 3.298588789860540122e-03 9.490266961367909815e+00 4.029837350899324377e+00 0.000000000000000000e+00
0.000000000000000000e+00 1.190000000000000000e+02 2.000000000000000000e+02 2.000000000000000000e+02 3.000000000000000000e+00 0.000000000000000000e+00 0.000000000000000000e+00 2.400000000000000000e+02 1.080473098049404080e-03 1.070350653885570402e+01 4.545013392295415677e+00 0.000000000000000000e+00
0.000000000000000000e+00 1.200000000000000000e+02 2.000000000000000000e+02 2.000000000000000000e+02 3.000000000000000000e+00 0.000000000000000000e+00 0.000000000000000000e+00 1.200000000000000000e+02 nan 1.937609097488477872e+01 8.227639479781222676e+00 0.000000000000000000e+00
0.000000000000000000e+00 1.210000000000000000e+02 2.000000000000000000e+02 2.000000000000000000e+02 3.000000000000000000e+00 0.000000000000000000e+00 0.000000000000000000e+00 1.800000000000000000e+02 9.462305798962290503e-07 1.322815886946295016e+01 5.617052598498068150e+00 0.000000000000000000e+00
0.000000000000000000e+00 1.220000000000000000e+02 2.000000000000000000e+02 2.000000000000000000e+02 3.000000000000000000e+00 0.000000000000000000e+00 0.000000000000000000e+00 6.000000000000000000e+02 1.584872751320694564e-02 7.301852930804350272e+00 3.100574492910552316e+00 0.000000000000000000e+00
0.000000000000000000e+00 1.230000000000000000e+02 2.000000000000000000e+02 2.000000000000000000e+02 3.000000000000000000e+00 0.000000000000000000e+00 0.000000000000000000e+00 6.000000000000000000e+01 nan 4.042518710941583748e+01 1.716568454752264827e+01 0.000000000000000000e+00
0.000000000000000000e+00 1.240000000000000000e+02 8.000000000000000000e+01 8.000000000000000000e+01 3.000000000000000000e+00 0.000000000000000000e+00 0.000000000000000000e+00 4.800000000000000000e+02 1.095112480804817517e-01 3.274331693453628844e+00 1.390374392124683167e+00 0.000000000000000000e+00
0.000000000000000000e+00 1.250000000000000000e+02 8.000000000000000000e+01 8.000000000000000000e+01 3.000000000000000000e+00 0.000000000000000000e+00 0.000000000000000000e+00 4.200000000000000000e+02 1.146915468461558035e-01 3.474265598093293494e+00 1.475272016175496193e+00 0.000000000000000000e+00
0.000000000000000000e+00 1.260000000000000000e+02 8.000000000000000000e+01 8.000000000000000000e+01 3.000000000000000000e+00 0.000000000000000000e+00 0.000000000000000000e+00 3.600000000000000000e+02 1.023819400621179404e-01 3.702392875947240203e+00 1.572141348597554167e+00 0.000000000000000000e+00
0.000000000000000000e+00 1.270000000000000000e+02 8.000000000000000000e+01 8.000000000000000000e+01 3.000000000000000000e+00 0.000000000000000000e+00 0.000000000000000000e+00 6.000000000000000000e+01 nan 1.013301189030419991e+01 4.302765133887133331e+00 0.000000000000000000e+00
0.000000000000000000e+00 1.280000000000000000e+02 8.000000000000000000e+01 8.000000000000000000e+01 3.000000000000000000e+00 0.000000000000000000e+00 0.000000000000000000e+00 3.000000000000000000e+02 7.704982865139875514e-02 3.883665375375156881e+00 1.649114809076499766e+00 0.000000000000000000e+00
0.000000000000000000e+00 1.290000000000000000e+02 8.000000000000000000e+01 8.000000000000000000e+01 3.000000000000000000e+00 0.000000000000000000e+00 0.000000000000000000e+00 2.400000000000000000e+02 4.709045633780381546e-02 4.085058481793225837e+00 1.734632051716868739e+00 0.000000000000000000e+00
0.000000000000000000e+00 1.300000000000000000e+02 8.000000000000000000e+01 8.000000000000000000e+01 3.000000000000000000e+00 0.000000000000000000e+00 0.000000000000000000e+00 1.200000000000000000e+02 3.198413535739788138e-04 5.510164539731285060e+00 2.339772628336002303e+00 0.000000000000000000e+00
0.000000000000000000e+00 1.310000000000000000e+02 8.000000000000000000e+01 8.000000000000000000e+01 3.000000000000000000e+00 0.000000000000000000e+00 0.000000000000000000e+00 1.800000000000000000e+02 1.824480449358775389e-02 4.453731957344173154e+00 1.891181298235317776e+00 0.000000000000000000e+00
0.000000000000000000e+00 1.320000000000000000e+02 8.000000000000000000e+01 8.000000000000000000e+01 3.000000000000000000e+00 0.000000000000000000e+00 0.000000000000000000e+00 6.000000000000000000e+02 6.620269299042008670e-02 3.057609452249586024e+00 1.298347962738677808e+00 0.000000000000000000e+00
0.000000000000000000e+00 1.330000000000000000e+02 8.000000000000000000e+01 8.000000000000000000e+01 3.000000000000000000e+00 0.000000000000000000e+00 0.000000000000000000e+00 5.400000000000000000e+02 9.207990173264320177e-02 3.157028952301383473e+00 1.340564310956001481e+00 0.000000000000000000e+00
0.000000000000000000e+00 1.340000000000000000e+02 6.000000000000000000e+02 6.000000000000000000e+02 3.000000000000000000e+00 0.000000000000000000e+00 0.000000000000000000e+00 6.000000000000000000e+02 1.020110488269932803e-03 2.660209228537149428e+01 1.129600521671825675e+01 0.000000000000000000e+00
0.000000000000000000e+00 1.350000000000000000e+02 6.000000000000000000e+02 6.000000000000000000e+02 3.000000000000000000e+00 0.000000000000000000e+00 0.000000000000000000e+00 5.400000000000000000e+02 7.247859629260913284e-04 2.776802604891998172e+01 1.179109386366029000e+01 0.000000000000000000e+00
0.000000000000000000e+00 1.360000000000000000e+02 9.000000000000000000e+01 9.000000000000000000e+01 3.000000000000000000e+00 0.000000000000000000e+00 0.000000000000000000e+00 4.800000000000000000e+02 9.311930574799265337e-02 3.850140308558165803e+00 1.634879111914295580e+00 0.000000000000000000e+00
0.000000000000000000e+00 1.370000000000000000e+02 9.000000000000000000e+01 9.000000000000000000e+01 3.000000000000000000e+00 0.000000000000000000e+00 0.000000000000000000e+00 4.200000000000000000e+02 9.179816604281805514e-02 4.090793316188380047e+00 1.737067225557698658e+00 0.000000000000000000e+00
0.000000000000000000e+00 1.380000000000000000e+02 9.000000000000000000e+01 9.000000000000000000e+01 3.000000000000000000e+00 0.000000000000000000e+00 0.000000000000000000e+00 3.600000000000000000e+02 7.748712218251398165e-02 4.306279484547427039e+00 1.828568783247315199e+00 0.000000000000000000e+00
0.000000000000000000e+00 1.390000000000000000e+02 9.000000000000000000e+01 9.000000000000000000e+01 3.000000000000000000e+00 0.000000000000000000e+00 0.000000000000000000e+00 6.000000000000000000e+01 nan 1.212679197908138917e+01 5.149380882837108153e+00 0.000000000000000000e+00
0.000000000000000000e+00 1.400000000000000000e+02 9.000000000000000000e+01 9.000000000000000000e+01 3.000000000000000000e+00 0.000000000000000000e+00 0.000000000000000000e+00 3.000000000000000000e+02 5.627033808860525815e-02 4.492476724919922226e+00 1.907633428840731282e+00 0.000000000000000000e+00
0.000000000000000000e+00 1.410000000000000000e+02 9.000000000000000000e+01 9.000000000000000000e+01 3.000000000000000000e+00 0.000000000000000000e+00 0.000000000000000000e+00 2.400000000000000000e+02 3.289685164536614720e-02 4.726003399901682833e+00 2.006795498896680741e+00 0.000000000000000000e+00
0.000000000000000000e+00 1.420000000000000000e+02 9.000000000000000000e+01 9.000000000000000000e+01 3.000000000000000000e+00 0.000000000000000000e+00 0.000000000000000000e+00 1.200000000000000000e+02 4.396864797548402677e-07 6.505305512390871847e+00 2.762337797193576083e+00 0.000000000000000000e+00
0.000000000000000000e+00 1.430000000000000000e+02 9.000000000000000000e+01 9.000000000000000000e+01 3.000000000000000000e+00 0.000000000000000000e+00 0.000000000000000000e+00 1.800000000000000000e+02 1.142967580674196688e-02 5.185369992396290151e+00 2.201855623098212256e+00 0.000000000000000000e+00
0.000000000000000000e+00 1.440000000000000000e+02 9.000000000000000000e+01 9.000000000000000000e+01 3.000000000000000000e+00 0.000000000000000000e+00 0.000000000000000000e+00 6.000000000000000000e+02 6.702668466512730350e-02 3.590254980217142400e+00 1.524524407735516895e+00 0.000000000000000000e+00
0.000000000000000000e+00 1.450000000000000000e+02 9.000000000000000000e+01 9.000000000000000000e+01 3.000000000000000000e+00 0.000000000000000000e+00 0.000000000000000000e+00 5.400000000000000000e+02 8.379788971493963567e-02 3.690501550076925596e+00 1.567091953323535236e+00 0.000000000000000000e+00
0.000000000000000000e+00 1.460000000000000000e+02 1.000000000000000000e+02 1.000000000000000000e+02 3.000000000000000000e+00 0.000000000000000000e+00 0.000000000000000000e+00 4.800000000000000000e+02 7.453621221897546723e-02 4.452806577290114198e+00 1.890788355537203591e+00 0.000000000000000000e+00
0.000000000000000000e+00 1.470000000000000000e+02 1.000000000000000000e+02 1.000000000000000000e+02 3.000000000000000000e+00 0.000000000000000000e+00 0.000000000000000000e+00 4.200000000000000000e+02 6.963252985050810695e-02 4.708501888636529742e+00 1.999363859293643131e+00 0.000000000000000000e+00
0.000000000000000000e+00 1.480000000000000000e+02 1.000000000000000000e+02 1.000000000000000000e+02 3.000000000000000000e+00 0.000000000000000000e+00 0.000000000000000000e+00 3.600000000000000000e+02 5.656640448143165911e-02 4.914731594286419813e+00 2.086934859569605116e+00 0.000000000000000000e+00
0.000000000000000000e+00 1.490000000000000000e+02 1.000000000000000000e+02 1.000000000000000000e+02 3.000000000000000000e+00 0.000000000000000000e+00 0.000000000000000000e+00 6.000000000000000000e+01 nan 1.424205659269958524e+01 6.047582417282201916e+00 0.000000000000000000e+00
0.000000000000000000e+00 1.500000000000000000e+02 1.000000000000000000e+02 1.000000000000000000e+02 3.000000000000000000e+00 0.000000000000000000e+00 0.000000000000000000e+00 3.000000000000000000e+02 3.986600652343837148e-02 5.112021941155711069e+00 2.170709953781618129e+00 0.000000000000000000e+00
0.000000000000000000e+00 1.510000000000000000e+02 1.000000000000000000e+02 1.000000000000000000e+02 3.000000000000000000e+00 0.000000000000000000e+00 0.000000000000000000e+00 2.400000000000000000e+02 2.231504861185356833e-02 5.384663982885604661e+00 2.286481521395161032e+00 0.000000000000000000e+00
0.000000000000000000e+00 1.520000000000000000e+02 1.000000000000000000e+02 1.000000000000000000e+02 3.000000000000000000e+00 0.000000000000000000e+00 0.000000000000000000e+00 1.200000000000000000e+02 nan 7.554941786454029362e+00 3.208043221424216274e+00 0.000000000000000000e+00
0.000000000000000000e+00 1.530000000000000000e+02 1.000000000000000000e+02 1.000000000000000000e+02 3.000000000000000000e+00 0.000000000000000000e+00 0.000000000000000000e+00 1.800000000000000000e+02 6.876083525524861323e-03 5.946804918010904828e+00 2.525182555418643116e+00 0.000000000000000000e+00
0.000000000000000000e+00 1.540000000000000000e+02 1.000000000000000000e+02 1.000000000000000000e+02 3.000000000000000000e+00 0.000000000000000000e+00 0.000000000000000000e+00 6.000000000000000000e+02 6.052768670148336860e-02 4.121662860865877853e+00 1.750175312469587130e+00 0.000000000000000000e+00
0.000000000000000000e+00 1.550000000000000000e+02 1.000000000000000000e+02 1.000000000000000000e+02 3.000000000000000000e+00 0.000000000000000000e+00 0.000000000000000000e+00 5.400000000000000000e+02 7.064188943224748718e-02 4.247203265187888377e+00 1.803483339782542938e+00 0.000000000000000000e+00
0.000000000000000000e+00 1.560000000000000000e+02 5.000000000000000000e+02 5.000000000000000000e+02 3.000000000000000000e+00 0.000000000000000000e+00 0.000000000000000000e+00 4.800000000000000000e+02 8.353308204949220182e-04 2.346441836081103460e+01 9.963659601193645798e+00 0.000000000000000000e+00
0.000000000000000000e+00 1.570000000000000000e+02 5.000000000000000000e+02 5.000000000000000000e+02 3.000000000000000000e+00 0.000000000000000000e+00 0.000000000000000000e+00 4.200000000000000000e+02 4.700802003613120130e-04 2.508934069881653883e+01 1.065364785512379520e+01 0.000000000000000000e+00
0.000000000000000000e+00 1.580000000000000000e+02 5.000000000000000000e+02 5.000000000000000000e+02 3.000000000000000000e+00 0.000000000000000000e+00 0.000000000000000000e+00 3.600000000000000000e+02 1.771890095532647146e-04 2.757194900717624719e+01 1.170783397332324682e+01 0.000000000000000000e+00
0.000000000000000000e+00 1.590000000000000000e+02 5.000000000000000000e+02 5.000000000000000000e+02 3.000000000000000000e+00 0.000000000000000000e+00 0.000000000000000000e+00 3.000000000000000000e+02 1.132463561469600504e-05 3.156999472414510777e+01 1.340551792957329447e+01 0.000000000000000000e+00
0.000000000000000000e+00 1.600000000000000000e+02 5.000000000000000000e+02 5.000000000000000000e+02 3.000000000000000000e+00 0.000000000000000000e+00 0.000000000000000000e+00 2.400000000000000000e+02 nan 3.839582026553897265e+01 1.630395764991039087e+01 0.000000000000000000e+00
0.000000000000000000e+00 1.610000000000000000e+02 5.000000000000000000e+02 5.000000000000000000e+02 3.000000000000000000e+00 0.000000000000000000e+00 0.000000000000000000e+00 6.000000000000000000e+02 1.667333673386399602e-03 2.150617866973782455e+01 9.132135316236867695e+00 0.000000000000000000e+00
0.000000000000000000e+00 1.620000000000000000e+02 5.000000000000000000e+02 5.000000000000000000e+02 3.000000000000000000e+00 0.000000000000000000e+00 0.000000000000000000e+00 5.400000000000000000e+02 1.241266185648289694e-03 2.233883928386325479e+01 9.485706702277390434e+00 0.000000000000000000e+00
0.000000000000000000e+00 1.630000000000000000e+02 2.500000000000000000e+02 2.500000000000000000e+02 3.000000000000000000e+00 0.000000000000000000e+00 0.000000000000000000e+00 4.800000000000000000e+02 6.124464679797000412e-03 1.040295485573360956e+01 4.417390596914484213e+00 0.000000000000000000e+00
0.000000000000000000e+00 1.640000000000000000e+02 2.500000000000000000e+02 2.500000000000000000e+02 3.000000000000000000e+00 0.000000000000000000e+00 0.000000000000000000e+00 4.200000000000000000e+02 4.454539390937877104e-03 1.086265597155152740e+01 4.612592769236317558e+00 0.000000000000000000e+00
0.000000000000000000e+00 1.650000000000000000e+02 2.500000000000000000e+02 2.500000000000000000e+02 3.000000000000000000e+00 0.000000000000000000e+00 0.000000000000000000e+00 3.600000000000000000e+02 2.821540111368520728e-03 1.150383633122184790e+01 4.884856191601634201e+00 0.000000000000000000e+00
0.000000000000000000e+00 1.660000000000000000e+02 2.500000000000000000e+02 2.500000000000000000e+02 3.000000000000000000e+00 0.000000000000000000e+00 0.000000000000000000e+00 5.400000000000000000e+02 7.734364914191707227e-03 1.001523894739247034e+01 4.252755391674084784e+00 0.000000000000000000e+00
0.000000000000000000e+00 1.670000000000000000e+02 2.500000000000000000e+02 2.500000000000000000e+02 3.000000000000000000e+00 0.000000000000000000e+00 0.000000000000000000e+00 3.000000000000000000e+02 1.355277663173589395e-03 1.253811523498859515e+01 5.324040439485602683e+00 0.000000000000000000e+00
0.000000000000000000e+00 1.680000000000000000e+02 2.500000000000000000e+02 2.500000000000000000e+02 3.000000000000000000e+00 0.000000000000000000e+00 0.000000000000000000e+00 2.400000000000000000e+02 2.800663729848099602e-04 1.441742994516070553e+01 6.122050932127688583e+00 0.000000000000000000e+00
0.000000000000000000e+00 1.690000000000000000e+02 2.500000000000000000e+02 2.500000000000000000e+02 3.000000000000000000e+00 0.000000000000000000e+00 0.000000000000000000e+00 1.200000000000000000e+02 nan 2.717066936456012982e+01 1.153743922062001204e+01 0.000000000000000000e+00
0.000000000000000000e+00 1.700000000000000000e+02 2.500000000000000000e+02 2.500000000000000000e+02 3.000000000000000000e+00 0.000000000000000000e+00 0.000000000000000000e+00 1.800000000000000000e+02 nan 1.822510304440328710e+01 7.738897258769973142e+00 0.000000000000000000e+00
0.000000000000000000e+00 1.710000000000000000e+02 2.500000000000000000e+02 2.500000000000000000e+02 3.000000000000000000e+00 0.000000000000000000e+00 0.000000000000000000e+00 6.000000000000000000e+02 9.188061643499841058e-03 9.634390032991928976e+00 4.091036107427570734e+00 0.000000000000000000e+00
0.000000000000000000e+00 1.720000000000000000e+02 2.500000000000000000e+02 2.500000000000000000e+02 3.000000000000000000e+00 0.000000000000000000e+00 0.000000000000000000e+00 6.000000000000000000e+01 nan 5.695578519722414512e+01 2.418504679287649495e+01 0.000000000000000000e+00
0.000000000000000000e+00 1.730000000000000000e+02 1.250000000000000000e+02 1.250000000000000000e+02 3.000000000000000000e+00 0.000000000000000000e+00 0.000000000000000000e+00 4.800000000000000000e+02 4.253545328000993969e-02 6.010991233212422458e+00 2.552437890960689071e+00 0.000000000000000000e+00
0.000000000000000000e+00 1.740000000000000000e+02 1.250000000000000000e+02 1.250000000000000000e+02 3.000000000000000000e+00 0.000000000000000000e+00 0.000000000000000000e+00 4.200000000000000000e+02 3.619122625469710364e-02 6.244862046510886167e+00 2.651746091936681982e+00 0.000000000000000000e+00
0.000000000000000000e+00 1.750000000000000000e+02 1.250000000000000000e+02 1.250000000000000000e+02 3.000000000000000000e+00 0.000000000000000000e+00 0.000000000000000000e+00 3.600000000000000000e+02 2.766200414237029309e-02 6.454931108613173762e+00 2.740947392192430332e+00 0.000000000000000000e+00
0.000000000000000000e+00 1.760000000000000000e+02 1.250000000000000000e+02 1.250000000000000000e+02 3.000000000000000000e+00 0.000000000000000000e+00 0.000000000000000000e+00 5.400000000000000000e+02 4.460526489370090358e-02 5.730447384586422999e+00 2.433310991331814499e+00 0.000000000000000000e+00
0.000000000000000000e+00 1.770000000000000000e+02 1.250000000000000000e+02 1.250000000000000000e+02 3.000000000000000000e+00 0.000000000000000000e+00 0.000000000000000000e+00 3.000000000000000000e+02 1.828404820226707875e-02 6.700860473821397711e+00 2.845375997376389687e+00 0.000000000000000000e+00
0.000000000000000000e+00 1.780000000000000000e+02 1.250000000000000000e+02 1.250000000000000000e+02 3.000000000000000000e+00 0.000000000000000000e+00 0.000000000000000000e+00 2.400000000000000000e+02 9.160271414508243046e-03 7.099681795116024041e+00 3.014726876907016795e+00 0.000000000000000000e+00
0.000000000000000000e+00 1.790000000000000000e+02 1.250000000000000000e+02 1.250000000000000000e+02 3.000000000000000000e+00 0.000000000000000000e+00 0.000000000000000000e+00 1.200000000000000000e+02 nan 1.039876131542489901e+01 4.415609900392738041e+00 0.000000000000000000e+00
0.000000000000000000e+00 1.800000000000000000e+02 1.250000000000000000e+02 1.250000000000000000e+02 3.000000000000000000e+00 0.000000000000000000e+00 0.000000000000000000e+00 1.800000000000000000e+02 1.943061813778324508e-03 7.969163806956128582e+00 3.383933675989863499e+00 0.000000000000000000e+00
0.000000000000000000e+00 1.810000000000000000e+02 1.250000000000000000e+02 1.250000000000000000e+02 3.000000000000000000e+00 0.000000000000000000e+00 0.000000000000000000e+00 6.000000000000000000e+02 4.252048279656444468e-02 5.507721048308425793e+00 2.338735052360265687e+00 0.000000000000000000e+00
0.000000000000000000e+00 1.820000000000000000e+02 1.250000000000000000e+02 1.250000000000000000e+02 3.000000000000000000e+00 0.000000000000000000e+00 0.000000000000000000e+00 6.000000000000000000e+01 nan 2.002168785600802892e+01 8.501778282805956266e+00 0.000000000000000000e+00
