# RunNumber Energy Ei Chopper Chopper1 Chopper2 Chopper3 Height FWHM Sigma Q
0.000000000000000000e+00 1.000000000000000000e+00 9.000000000000000000e+02 9.000000000000000000e+02 1.000000000000000000e+00 4.800000000000000000e+02 0.000000000000000000e+00 0.000000000000000000e+00 2.711684178164146860e-03 6.152962168592642911e+01 2.612722789211313312e+01 0.000000000000000000e+00
0.000000000000000000e+00 2.000000000000000000e+00 9.000000000000000000e+02 9.000000000000000000e+02 1.000000000000000000e+00 4.200000000000000000e+02 0.000000000000000000e+00 0.000000000000000000e+00 2.720521453478305304e-03 6.881134596013141902e+01 2.921925518476918171e+01 0.000000000000000000e+00
0.000000000000000000e+00 3.000000000000000000e+00 9.000000000000000000e+02 9.000000000000000000e+02 1.000000000000000000e+00 3.600000000000000000e+02 0.000000000000000000e+00 0.000000000000000000e+00 2.678056411785922474e-03 7.767710721160635501e+01 3.298390964399420966e+01 0.000000000000000000e+00
0.000000000000000000e+00 4.000000000000000000e+00 9.000000000000000000e+02 9.000000000000000000e+02 1.000000000000000000e+00 6.000000000000000000e+01 0.000000000000000000e+00 0.000000000000000000e+00 3.222804767517533156e-03 3.602087755755002831e+02 1.529548940872612661e+02 0.000000000000000000e+00
0.000000000000000000e+00 5.000000000000000000e+00 9.000000000000000000e+02 9.000000000000000000e+02 1.000000000000000000e+00 3.000000000000000000e+02 0.000000000000000000e+00 0.000000000000000000e+00 2.609450339705903735e-03 8.941719983737057476e+01 3.796908697977519154e+01 0.000000000000000000e+00
0.000000000000000000e+00 6.000000000000000000e+00 9.000000000000000000e+02 9.000000000000000000e+02 1.000000000000000000e+00 2.400000000000000000e+02 0.000000000000000000e+00 0.000000000000000000e+00 2.538186537776877284e-03 1.065007827849828317e+02 4.522326232907975907e+01 0.000000000000000000e+00
0.000000000000000000e+00 7.000000000000000000e+00 9.000000000000000000e+02 9.000000000000000000e+02 1.000000000000000000e+00 6.000000000000000000e+02 0.000000000000000000e+00 0.000000000000000000e+00 2.498910663378487145e-03 5.021795449208590156e+01 2.132397218347596635e+01 0.000000000000000000e+00
0.000000000000000000e+00 8.000000000000000000e+00 9.000000000000000000e+02 9.000000000000000000e+02 1.000000000000000000e+00 1.800000000000000000e+02 0.000000000000000000e+00 0.000000000000000000e+00 2.499951047037233306e-03 1.346180891088893645e+02 5.716267053456024172e+01 0.000000000000000000e+00
0.000000000000000000e+00 9.000000000000000000e+00 9.000000000000000000e+02 9.000000000000000000e+02 1.000000000000000000e+00 1.200000000000000000e+02 0.000000000000000000e+00 0.000000000000000000e+00 2.584938710217499561e-03 1.908001689150461573e+02 8.101918000638902129e+01 0.000000000000000000e+00
0.000000000000000000e+00 1.000000000000000000e+01 9.000000000000000000e+02 9.000000000000000000e+02 1.000000000000000000e+00 5.400000000000000000e+02 0.000000000000000000e+00 0.000000000000000000e+00 2.632638147057674710e-03 5.529881897490793818e+01 2.348145179401610960e+01 0.000000000000000000e+00
0.000000000000000000e+00 1.100000000000000000e+01 1.800000000000000000e+03 1.800000000000000000e+03 1.000000000000000000e+00 4.800000000000000000e+02 0.000000000000000000e+00 0.000000000000000000e+00 1.613936869460386126e-03 1.625419579938694312e+02 6.901993970015686841e+01 0.000000000000000000e+00
0.000000000000000000e+00 1.200000000000000000e+01 1.800000000000000000e+03 1.800000000000000000e+03 1.000000000000000000e+00 4.200000000000000000e+02 0.000000000000000000e+00 0.000000000000000000e+00 1.583176683920266498e-03 1.801996633627685469e+02 7.651790376338367139e+01 0.000000000000000000e+00
0.000000000000000000e+00 1.300000000000000000e+01 1.800000000000000000e+03 1.800000000000000000e+03 1.000000000000000000e+00 3.600000000000000000e+02 0.000000000000000000e+00 0.000000000000000000e+00 1.551878104417157237e-03 2.032607133364809613e+02 8.631028167154181574e+01 0.000000000000000000e+00
0.000000000000000000e+00 1.400000000000000000e+01 1.800000000000000000e+03 1.800000000000000000e+03 1.000000000000000000e+00 6.000000000000000000e+01 0.000000000000000000e+00 0.000000000000000000e+00 2.347393407870585966e-03 1.001972782727087292e+03 4.254661497779563888e+02 0.000000000000000000e+00
0.000000000000000000e+00 1.500000000000000000e+01 1.800000000000000000e+03 1.800000000000000000e+03 1.000000000000000000e+00 3.000000000000000000e+02 0.000000000000000000e+00 0.000000000000000000e+00 1.526875185857979418e-03 2.351761795254675178e+02 9.986249661378663234e+01 0.000000000000000000e+00
0.000000000000000000e+00 1.600000000000000000e+01 1.800000000000000000e+03 1.800000000000000000e+03 1.000000000000000000e+00 2.400000000000000000e+02 0.000000000000000000e+00 0.000000000000000000e+00 1.519846145568507596e-03 2.828301136098299935e+02 1.200977127854904438e+02 0.000000000000000000e+00
0.000000000000000000e+00 1.700000000000000000e+01 1.800000000000000000e+03 1.800000000000000000e+03 1.000000000000000000e+00 6.000000000000000000e+02 0.000000000000000000e+00 0.000000000000000000e+00 1.653787971370950568e-03 1.364544781461347895e+02 5.794245356523770596e+01 0.000000000000000000e+00
0.000000000000000000e+00 1.800000000000000000e+01 1.800000000000000000e+03 1.800000000000000000e+03 1.000000000000000000e+00 1.800000000000000000e+02 0.000000000000000000e+00 0.000000000000000000e+00 1.556146286050483435e-03 3.622776025560589801e+02 1.538333768815537042e+02 0.000000000000000000e+00
0.000000000000000000e+00 1.900000000000000000e+01 1.800000000000000000e+03 1.800000000000000000e+03 1.000000000000000000e+00 1.200000000000000000e+02 0.000000000000000000e+00 0.000000000000000000e+00 1.709751992318291145e-03 5.216909362916270538e+02 2.215248137119435512e+02 0.000000000000000000e+00
0.000000000000000000e+00 2.000000000000000000e+01 1.800000000000000000e+03 1.800000000000000000e+03 1.000000000000000000e+00 5.400000000000000000e+02 0.000000000000000000e+00 0.000000000000000000e+00 1.639076802158830190e-03 1.483547745871161112e+02 6.299565799877542105e+01 0.000000000000000000e+00
0.000000000000000000e+00 2.100000000000000000e+01 3.500000000000000000e+03 3.500000000000000000e+03 1.000000000000000000e+00 3.600000000000000000e+02 0.000000000000000000e+00 0.000000000000000000e+00 1.089331484653079628e-03 5.173627595342372842e+02 2.196869467236676314e+02 0.000000000000000000e+00
0.000000000000000000e+00 2.200000000000000000e+01 3.500000000000000000e+03 3.500000000000000000e+03 1.000000000000000000e+00 4.800000000000000000e+02 0.000000000000000000e+00 0.000000000000000000e+00 1.107504972512368636e-03 4.095018722862348000e+02 1.738861453444733911e+02 0.000000000000000000e+00
0.000000000000000000e+00 2.300000000000000000e+01 3.500000000000000000e+03 3.500000000000000000e+03 1.000000000000000000e+00 6.000000000000000000e+02 0.000000000000000000e+00 0.000000000000000000e+00 1.139272212892219896e-03 3.438964090686445161e+02 1.460281991798915158e+02 0.000000000000000000e+00
0.000000000000000000e+00 2.400000000000000000e+01 1.000000000000000000e+01 1.000000000000000000e+01 1.000000000000000000e+00 1.200000000000000000e+02 0.000000000000000000e+00 0.000000000000000000e+00 9.606623315437175237e-02 3.296796519359493916e-01 1.399913596330995269e-01 0.000000000000000000e+00
0.000000000000000000e+00 2.500000000000000000e+01 1.000000000000000000e+01 1.000000000000000000e+01 1.000000000000000000e+00 6.000000000000000000e+01 0.000000000000000000e+00 0.000000000000000000e+00 5.026346820088301026e-01 5.908371585427555361e-01 2.508862668971361121e-01 0.000000000000000000e+00
0.000000000000000000e+00 2.600000000000000000e+01 1.000000000000000000e+01 1.000000000000000000e+01 1.000000000000000000e+00 1.800000000000000000e+02 0.000000000000000000e+00 0.000000000000000000e+00 nan 2.524199882422985541e-01 1.071847083831416331e-01 0.000000000000000000e+00
0.000000000000000000e+00 2.700000000000000000e+01 1.200000000000000000e+01 1.200000000000000000e+01 1.000000000000000000e+00 1.200000000000000000e+02 0.000000000000000000e+00 0.000000000000000000e+00 1.553461410918527963e-01 4.382381945471842122e-01 1.860884053278913930e-01 0.000000000000000000e+00
0.000000000000000000e+00 2.800000000000000000e+01 1.200000000000000000e+01 1.200000000000000000e+01 1.000000000000000000e+00 6.000000000000000000e+01 0.000000000000000000e+00 0.000000000000000000e+00 5.084278188372475249e-01 7.723659832988402085e-01 3.279685704029045579e-01 0.000000000000000000e+00
0.000000000000000000e+00 2.900000000000000000e+01 1.200000000000000000e+01 1.200000000000000000e+01 1.000000000000000000e+00 1.800000000000000000e+02 0.000000000000000000e+00 0.000000000000000000e+00 nan 3.148711049373593140e-01 1.337032292727640403e-01 0.000000000000000000e+00
0.000000000000000000e+00 3.000000000000000000e+01 1.500000000000000000e+01 1.500000000000000000e+01 1.000000000000000000e+00 2.400000000000000000e+02 0.000000000000000000e+00 0.000000000000000000e+00 nan 4.007965385443522099e-01 1.701896129700009308e-01 0.000000000000000000e+00
0.000000000000000000e+00 3.100000000000000000e+01 1.500000000000000000e+01 1.500000000000000000e+01 1.000000000000000000e+00 6.000000000000000000e+01 0.000000000000000000e+00 0.000000000000000000e+00 5.122805713556106699e-01 1.068374205159192458e+00 4.536620828701454222e-01 0.000000000000000000e+00
0.000000000000000000e+00 3.200000000000000000e+01 1.500000000000000000e+01 1.500000000000000000e+01 1.000000000000000000e+00 1.800000000000000000e+02 0.000000000000000000e+00 0.000000000000000000e+00 8.527082284118260233e-03 4.283733148661746371e-01 1.818994967584605660e-01 0.000000000000000000e+00
0.000000000000000000e+00 3.300000000000000000e+01 1.500000000000000000e+01 1.500000000000000000e+01 1.000000000000000000e+00 1.200000000000000000e+02 0.000000000000000000e+00 0.000000000000000000e+00 2.378048299135120391e-01 6.142620020239263345e-01 2.608331218785249761e-01 0.000000000000000000e+00
0.000000000000000000e+00 3.400000000000000000e+01 4.000000000000000000e+02 4.000000000000000000e+02 1.000000000000000000e+00 4.800000000000000000e+02 0.000000000000000000e+00 0.000000000000000000e+00 7.114000854846968050e-03 1.926330194021536713e+01 8.179746046800580928e+00 0.000000000000000000e+00
0.000000000000000000e+00 3.500000000000000000e+01 4.000000000000000000e+02 4.000000000000000000e+02 1.000000000000000000e+00 4.200000000000000000e+02 0.000000000000000000e+00 0.000000000000000000e+00 8.100701336553002563e-03 2.149630319816812474e+01 9.127941910050159535e+00 0.000000000000000000e+00
0.000000000000000000e+00 3.600000000000000000e+01 4.000000000000000000e+02 4.000000000000000000e+02 1.000000000000000000e+00 3.600000000000000000e+02 0.000000000000000000e+00 0.000000000000000000e+00 8.825528322421517455e-03 2.468639136022630964e+01 1.048254410200692632e+01 0.000000000000000000e+00
0.000000000000000000e+00 3.700000000000000000e+01 4.000000000000000000e+02 4.000000000000000000e+02 1.000000000000000000e+00 6.000000000000000000e+01 0.000000000000000000e+00 0.000000000000000000e+00 9.264435967692578530e-03 1.098716833396029386e+02 4.665464260705007860e+01 0.000000000000000000e+00
0.000000000000000000e+00 3.800000000000000000e+01 4.000000000000000000e+02 4.000000000000000000e+02 1.000000000000000000e+00 3.000000000000000000e+02 0.000000000000000000e+00 0.000000000000000000e+00 9.133293603827873780e-03 2.899498307888874038e+01 1.231209472564277796e+01 0.000000000000000000e+00
0.000000000000000000e+00 3.900000000000000000e+01 4.000000000000000000e+02 4.000000000000000000e+02 1.000000000000000000e+00 2.400000000000000000e+02 0.000000000000000000e+00 0.000000000000000000e+00 8.977786308260696235e-03 3.460094001889964233e+01 1.469254353244146216e+01 0.000000000000000000e+00
0.000000000000000000e+00 4.000000000000000000e+01 4.000000000000000000e+02 4.000000000000000000e+02 1.000000000000000000e+00 6.000000000000000000e+02 0.000000000000000000e+00 0.000000000000000000e+00 4.669359097436480421e-03 1.634629165599032063e+01 6.941100490866378259e+00 0.000000000000000000e+00
0.000000000000000000e+00 4.100000000000000000e+01 4.000000000000000000e+02 4.000000000000000000e+02 1.000000000000000000e+00 1.800000000000000000e+02 0.000000000000000000e+00 0.000000000000000000e+00 8.623735173186534986e-03 4.319706422042705896e+01 1.834270242905607518e+01 0.000000000000000000e+00
0.000000000000000000e+00 4.200000000000000000e+01 4.000000000000000000e+02 4.000000000000000000e+02 1.000000000000000000e+00 1.200000000000000000e+02 0.000000000000000000e+00 0.000000000000000000e+00 8.380714529626191039e-03 5.987517673930033624e+01 2.542470349864133183e+01 0.000000000000000000e+00
0.000000000000000000e+00 4.300000000000000000e+01 4.000000000000000000e+02 4.000000000000000000e+02 1.000000000000000000e+00 5.400000000000000000e+02 0.000000000000000000e+00 0.000000000000000000e+00 5.952718042582581630e-03 1.766861559269652204e+01 7.502596854648205138e+00 0.000000000000000000e+00
0.000000000000000000e+00 4.400000000000000000e+01 2.000000000000000000e+01 2.000000000000000000e+01 1.000000000000000000e+00 2.400000000000000000e+02 0.000000000000000000e+00 0.000000000000000000e+00 nan 5.570226147104465619e-01 2.365276495585760252e-01 0.000000000000000000e+00
0.000000000000000000e+00 4.500000000000000000e+01 2.000000000000000000e+01 2.000000000000000000e+01 1.000000000000000000e+00 3.000000000000000000e+02 0.000000000000000000e+00 0.000000000000000000e+00 nan 5.703525398866241547e-01 2.421879150261673774e-01 0.000000000000000000e+00
0.000000000000000000e+00 4.600000000000000000e+01 2.000000000000000000e+01 2.000000000000000000e+01 1.000000000000000000e+00 1.800000000000000000e+02 0.000000000000000000e+00 0.000000000000000000e+00 6.472104097969220982e-02 6.612250642603841877e-01 2.807749742082310540e-01 0.000000000000000000e+00
0.000000000000000000e+00 4.700000000000000000e+01 2.000000000000000000e+01 2.000000000000000000e+01 1.000000000000000000e+00 1.200000000000000000e+02 0.000000000000000000e+00 0.000000000000000000e+00 3.650103449876920259e-01 9.222296942511247764e-01 3.916049657117302574e-01 0.000000000000000000e+00
0.000000000000000000e+00 4.800000000000000000e+01 2.000000000000000000e+01 2.000000000000000000e+01 1.000000000000000000e+00 6.000000000000000000e+01 0.000000000000000000e+00 0.000000000000000000e+00 5.511899788980233472e-01 1.606029294100153493e+00 6.819657299788337568e-01 0.000000000000000000e+00
0.000000000000000000e+00 4.900000000000000000e+01 1.500000000000000000e+02 1.500000000000000000e+02 1.000000000000000000e+00 4.800000000000000000e+02 0.000000000000000000e+00 0.000000000000000000e+00 7.061794099665655647e-03 4.735899370526891694e+00 2.010997609565559063e+00 0.000000000000000000e+00
0.000000000000000000e+00 5.000000000000000000e+01 1.500000000000000000e+02 1.500000000000000000e+02 1.000000000000000000e+00 4.200000000000000000e+02 0.000000000000000000e+00 0.000000000000000000e+00 1.534396757066269421e-02 5.433348152181260104e+00 2.307154204747881021e+00 0.000000000000000000e+00
0.000000000000000000e+00 5.100000000000000000e+01 1.500000000000000000e+02 1.500000000000000000e+02 1.000000000000000000e+00 3.600000000000000000e+02 0.000000000000000000e+00 0.000000000000000000e+00 2.646645187755019765e-02 6.246472632787803292e+00 2.652429992691211602e+00 0.000000000000000000e+00
0.000000000000000000e+00 5.200000000000000000e+01 1.500000000000000000e+02 1.500000000000000000e+02 1.000000000000000000e+00 6.000000000000000000e+01 0.000000000000000000e+00 0.000000000000000000e+00 4.529379465966006102e-02 2.666003833558785985e+01 1.132061075821140506e+01 0.000000000000000000e+00
0.000000000000000000e+00 5.300000000000000000e+01 1.500000000000000000e+02 1.500000000000000000e+02 1.000000000000000000e+00 3.000000000000000000e+02 0.000000000000000000e+00 0.000000000000000000e+00 3.716837254507970867e-02 7.126542234025191824e+00 3.026132583450187763e+00 0.000000000000000000e+00
0.000000000000000000e+00 5.400000000000000000e+01 1.500000000000000000e+02 1.500000000000000000e+02 1.000000000000000000e+00 2.400000000000000000e+02 0.000000000000000000e+00 0.000000000000000000e+00 4.546297233806539939e-02 8.581984463235189153e+00 3.644154761458679115e+00 0.000000000000000000e+00
0.000000000000000000e+00 5.500000000000000000e+01 1.500000000000000000e+02 1.500000000000000000e+02 1.000000000000000000e+00 1.200000000000000000e+02 0.000000000000000000e+00 0.000000000000000000e+00 4.676436241929656651e-02 1.517212254583304265e+01 6.442514881457767295e+00 0.000000000000000000e+00
0.000000000000000000e+00 5.600000000000000000e+01 1.500000000000000000e+02 1.500000000000000000e+02 1.000000000000000000e+00 1.800000000000000000e+02 0.000000000000000000e+00 0.000000000000000000e+00 4.897279741215430221e-02 1.106720761268980091e+01 4.699451215579533603e+00 0.000000000000000000e+00
0.000000000000000000e+00 5.700000000000000000e+01 1.500000000000000000e+02 1.500000000000000000e+02 1.000000000000000000e+00 6.000000000000000000e+02 0.000000000000000000e+00 0.000000000000000000e+00 1.125373826459587657e-04 3.907895878480493135e+00 1.659403770055411176e+00 0.000000000000000000e+00
0.000000000000000000e+00 5.800000000000000000e+01 1.500000000000000000e+02 1.500000000000000000e+02 1.000000000000000000e+00 5.400000000000000000e+02 0.000000000000000000e+00 0.000000000000000000e+00 2.126817714918539329e-03 4.227454312731594221e+00 1.795097372709806516e+00 0.000000000000000000e+00
0.000000000000000000e+00 5.900000000000000000e+01 2.500000000000000000e+01 2.500000000000000000e+01 1.000000000000000000e+00 3.000000000000000000e+02 0.000000000000000000e+00 0.000000000000000000e+00 nan 7.190538787755835770e-01 3.053307340872966624e-01 0.000000000000000000e+00
0.000000000000000000e+00 6.000000000000000000e+01 2.500000000000000000e+01 2.500000000000000000e+01 1.000000000000000000e+00 1.800000000000000000e+02 0.000000000000000000e+00 0.000000000000000000e+00 1.340015690493450706e-01 9.342202645074365597e-01 3.966965029755569194e-01 0.000000000000000000e+00
0.000000000000000000e+00 6.100000000000000000e+01 3.000000000000000000e+01 3.000000000000000000e+01 1.000000000000000000e+00 3.600000000000000000e+02 0.000000000000000000e+00 0.000000000000000000e+00 nan 9.090329048080637575e-01 3.860012334641459986e-01 0.000000000000000000e+00
0.000000000000000000e+00 6.200000000000000000e+01 3.000000000000000000e+01 3.000000000000000000e+01 1.000000000000000000e+00 3.000000000000000000e+02 0.000000000000000000e+00 0.000000000000000000e+00 nan 8.933143878664472348e-01 3.793267039772599825e-01 0.000000000000000000e+00
0.000000000000000000e+00 6.300000000000000000e+01 3.000000000000000000e+01 3.000000000000000000e+01 1.000000000000000000e+00 2.400000000000000000e+02 0.000000000000000000e+00 0.000000000000000000e+00 2.285785316137739845e-02 9.806425719675416763e-01 4.164087354426928567e-01 0.000000000000000000e+00
0.000000000000000000e+00 6.400000000000000000e+01 3.000000000000000000e+01 3.000000000000000000e+01 1.000000000000000000e+00 1.800000000000000000e+02 0.000000000000000000e+00 0.000000000000000000e+00 1.810985081752672643e-01 1.234101194317595018e+00 5.240344774172378539e-01 0.000000000000000000e+00
0.000000000000000000e+00 6.500000000000000000e+01 3.000000000000000000e+01 3.000000000000000000e+01 1.000000000000000000e+00 1.200000000000000000e+02 0.000000000000000000e+00 0.000000000000000000e+00 4.132823316192756891e-01 1.632499183632797113e+00 6.932055981455613747e-01 0.000000000000000000e+00
0.000000000000000000e+00 6.600000000000000000e+01 3.000000000000000000e+01 3.000000000000000000e+01 1.000000000000000000e+00 6.000000000000000000e+01 0.000000000000000000e+00 0.000000000000000000e+00 4.681773954012597994e-01 2.827516062884585679e+00 1.200643763432944988e+00 0.000000000000000000e+00
0.000000000000000000e+00 6.700000000000000000e+01 8.000000000000000000e+02 8.000000000000000000e+02 1.000000000000000000e+00 4.800000000000000000e+02 0.000000000000000000e+00 0.000000000000000000e+00 3.339137621962336936e-03 5.189817335847511259e+01 2.203744091654994008e+01 0.000000000000000000e+00
0.000000000000000000e+00 6.800000000000000000e+01 8.000000000000000000e+02 8.000000000000000000e+02 1.000000000000000000e+00 4.200000000000000000e+02 0.000000000000000000e+00 0.000000000000000000e+00 3.393230195973989758e-03 5.830864210086621569e+01 2.475950832308544136e+01 0.000000000000000000e+00
0.000000000000000000e+00 6.900000000000000000e+01 8.000000000000000000e+02 8.000000000000000000e+02 1.000000000000000000e+00 3.600000000000000000e+02 0.000000000000000000e+00 0.000000000000000000e+00 3.359494961753699879e-03 6.597036616390438724e+01 2.801289433711438903e+01 0.000000000000000000e+00
0.000000000000000000e+00 7.000000000000000000e+01 8.000000000000000000e+02 8.000000000000000000e+02 1.000000000000000000e+00 6.000000000000000000e+01 0.000000000000000000e+00 0.000000000000000000e+00 3.908666897717736829e-03 3.029282338554314151e+02 1.286319464354273521e+02 0.000000000000000000e+00
0.000000000000000000e+00 7.100000000000000000e+01 8.000000000000000000e+02 8.000000000000000000e+02 1.000000000000000000e+00 3.000000000000000000e+02 0.000000000000000000e+00 0.000000000000000000e+00 3.277274062216242734e-03 7.595911272346698695e+01 3.225440030720466211e+01 0.000000000000000000e+00
0.000000000000000000e+00 7.200000000000000000e+01 8.000000000000000000e+02 8.000000000000000000e+02 1.000000000000000000e+00 2.400000000000000000e+02 0.000000000000000000e+00 0.000000000000000000e+00 3.180770215391115832e-03 9.036357845782247011e+01 3.837094626659128238e+01 0.000000000000000000e+00
0.000000000000000000e+00 7.300000000000000000e+01 8.000000000000000000e+02 8.000000000000000000e+02 1.000000000000000000e+00 6.000000000000000000e+02 0.000000000000000000e+00 0.000000000000000000e+00 2.985869848382686955e-03 4.238766530744076277e+01 1.799900862311709560e+01 0.000000000000000000e+00
0.000000000000000000e+00 7.400000000000000000e+01 8.000000000000000000e+02 8.000000000000000000e+02 1.000000000000000000e+00 1.800000000000000000e+02 0.000000000000000000e+00 0.000000000000000000e+00 3.115498461038313394e-03 1.139610341214835785e+02 4.839109729150045780e+01 0.000000000000000000e+00
0.000000000000000000e+00 7.500000000000000000e+01 8.000000000000000000e+02 8.000000000000000000e+02 1.000000000000000000e+00 1.200000000000000000e+02 0.000000000000000000e+00 0.000000000000000000e+00 3.189518392824975367e-03 1.610265671237076219e+02 6.837646162365504665e+01 0.000000000000000000e+00
0.000000000000000000e+00 7.600000000000000000e+01 8.000000000000000000e+02 8.000000000000000000e+02 1.000000000000000000e+00 5.400000000000000000e+02 0.000000000000000000e+00 0.000000000000000000e+00 3.194604167210362937e-03 4.658377038501300405e+01 1.978079421868917365e+01 0.000000000000000000e+00
0.000000000000000000e+00 7.700000000000000000e+01 1.000000000000000000e+04 1.000000000000000000e+04 1.000000000000000000e+00 4.800000000000000000e+02 0.000000000000000000e+00 0.000000000000000000e+00 6.507605582535974393e-04 1.807560249681378991e+03 7.675415072957023312e+02 0.000000000000000000e+00
0.000000000000000000e+00 7.800000000000000000e+01 1.000000000000000000e+04 1.000000000000000000e+04 1.000000000000000000e+00 6.000000000000000000e+02 0.000000000000000000e+00 0.000000000000000000e+00 6.444217033431135161e-04 1.495641815084475411e+03 6.350920658532804737e+02 0.000000000000000000e+00
0.000000000000000000e+00 7.900000000000000000e+01 1.000000000000000000e+04 1.000000000000000000e+04 1.000000000000000000e+00 5.400000000000000000e+02 0.000000000000000000e+00 0.000000000000000000e+00 6.457604608097231675e-04 1.634239978101090855e+03 6.939447890025863899e+02 0.000000000000000000e+00
0.000000000000000000e+00 8.000000000000000000e+01 4.000000000000000000e+01 4.000000000000000000e+01 1.000000000000000000e+00 3.600000000000000000e+02 0.000000000000000000e+00 0.000000000000000000e+00 nan 1.258720471681752384e+00 5.344885230071135807e-01 0.000000000000000000e+00
0.000000000000000000e+00 8.100000000000000000e+01 4.000000000000000000e+01 4.000000000000000000e+01 1.000000000000000000e+00 3.000000000000000000e+02 0.000000000000000000e+00 0.000000000000000000e+00 4.168466860596985180e-03 1.315844689225755149e+00 5.587450909663503884e-01 0.000000000000000000e+00
0.000000000000000000e+00 8.200000000000000000e+01 4.000000000000000000e+01 4.000000000000000000e+01 1.000000000000000000e+00 2.400000000000000000e+02 0.000000000000000000e+00 0.000000000000000000e+00 7.880694124906520437e-02 1.517874298093421892e+00 6.445326106553808110e-01 0.000000000000000000e+00
0.000000000000000000e+00 8.300000000000000000e+01 4.000000000000000000e+01 4.000000000000000000e+01 1.000000000000000000e+00 1.800000000000000000e+02 0.000000000000000000e+00 0.000000000000000000e+00 2.552753608613052561e-01 1.873479254881227574e+00 7.955325923062537274e-01 0.000000000000000000e+00
0.000000000000000000e+00 8.400000000000000000e+01 4.000000000000000000e+01 4.000000000000000000e+01 1.000000000000000000e+00 1.200000000000000000e+02 0.000000000000000000e+00 0.000000000000000000e+00 4.123311652197308441e-01 2.479987980825893779e+00 1.053073452579997404e+00 0.000000000000000000e+00
0.000000000000000000e+00 8.500000000000000000e+01 4.000000000000000000e+01 4.000000000000000000e+01 1.000000000000000000e+00 6.000000000000000000e+01 0.000000000000000000e+00 0.000000000000000000e+00 4.150652229294495288e-01 4.219733587387423768e+00 1.791818933073216158e+00 0.000000000000000000e+00
0.000000000000000000e+00 8.600000000000000000e+01 3.000000000000000000e+02 3.000000000000000000e+02 1.000000000000000000e+00 4.800000000000000000e+02 0.000000000000000000e+00 0.000000000000000000e+00 8.744300843144857741e-03 1.304597765187122071e+01 5.539693270433639682e+00 0.000000000000000000e+00
0.000000000000000000e+00 8.700000000000000000e+01 3.000000000000000000e+02 3.000000000000000000e+02 1.000000000000000000e+00 4.200000000000000000e+02 0.000000000000000000e+00 0.000000000000000000e+00 1.085587143883694379e-02 1.436716015314544670e+01 6.100704948257090088e+00 0.000000000000000000e+00
0.000000000000000000e+00 8.800000000000000000e+01 3.000000000000000000e+02 3.000000000000000000e+02 1.000000000000000000e+00 3.600000000000000000e+02 0.000000000000000000e+00 0.000000000000000000e+00 1.261690419670219963e-02 1.629705860658224736e+01 6.920194737402228569e+00 0.000000000000000000e+00
0.000000000000000000e+00 8.900000000000000000e+01 3.000000000000000000e+02 3.000000000000000000e+02 1.000000000000000000e+00 6.000000000000000000e+01 0.000000000000000000e+00 0.000000000000000000e+00 1.378672202409316448e-02 7.233928111059962873e+01 3.071731681978752704e+01 0.000000000000000000e+00
0.000000000000000000e+00 9.000000000000000000e+01 3.000000000000000000e+02 3.000000000000000000e+02 1.000000000000000000e+00 3.000000000000000000e+02 0.000000000000000000e+00 0.000000000000000000e+00 1.381707641404452368e-02 1.920026266728558539e+01 8.152977778040588319e+00 0.000000000000000000e+00
0.000000000000000000e+00 9.100000000000000000e+01 3.000000000000000000e+02 3.000000000000000000e+02 1.000000000000000000e+00 2.400000000000000000e+02 0.000000000000000000e+00 0.000000000000000000e+00 1.408787701679056412e-02 2.321387846735063931e+01 9.857273234543795226e+00 0.000000000000000000e+00
0.000000000000000000e+00 9.200000000000000000e+01 3.000000000000000000e+02 3.000000000000000000e+02 1.000000000000000000e+00 6.000000000000000000e+02 0.000000000000000000e+00 0.000000000000000000e+00 4.221699565932220989e-03 1.076288882547363990e+01 4.570228800625749876e+00 0.000000000000000000e+00
0.000000000000000000e+00 9.300000000000000000e+01 3.000000000000000000e+02 3.000000000000000000e+02 1.000000000000000000e+00 1.800000000000000000e+02 0.000000000000000000e+00 0.000000000000000000e+00 1.359603259464103701e-02 2.900111787314867584e+01 1.231469973382109373e+01 0.000000000000000000e+00
0.000000000000000000e+00 9.400000000000000000e+01 3.000000000000000000e+02 3.000000000000000000e+02 1.000000000000000000e+00 1.200000000000000000e+02 0.000000000000000000e+00 0.000000000000000000e+00 1.300628099659646882e-02 3.990682262526845392e+01 1.694557224002906892e+01 0.000000000000000000e+00
0.000000000000000000e+00 9.500000000000000000e+01 3.000000000000000000e+02 3.000000000000000000e+02 1.000000000000000000e+00 5.400000000000000000e+02 0.000000000000000000e+00 0.000000000000000000e+00 6.412570901304970143e-03 1.190366188103594425e+01 5.054633495132035748e+00 0.000000000000000000e+00
0.000000000000000000e+00 9.600000000000000000e+01 1.200000000000000000e+03 1.200000000000000000e+03 1.000000000000000000e+00 4.800000000000000000e+02 0.000000000000000000e+00 0.000000000000000000e+00 2.023165047707763033e-03 9.248327058169319059e+01 3.927102784785273570e+01 0.000000000000000000e+00
0.000000000000000000e+00 9.700000000000000000e+01 1.200000000000000000e+03 1.200000000000000000e+03 1.000000000000000000e+00 3.600000000000000000e+02 0.000000000000000000e+00 0.000000000000000000e+00 1.952531094656003927e-03 1.157067253352720257e+02 4.913236744597538319e+01 0.000000000000000000e+00
0.000000000000000000e+00 9.800000000000000000e+01 1.200000000000000000e+03 1.200000000000000000e+03 1.000000000000000000e+00 2.400000000000000000e+02 0.000000000000000000e+00 0.000000000000000000e+00 1.867836657121412945e-03 1.594110433886249893e+02 6.769046428391719417e+01 0.000000000000000000e+00
0.000000000000000000e+00 9.900000000000000000e+01 1.200000000000000000e+03 1.200000000000000000e+03 1.000000000000000000e+00 6.000000000000000000e+02 0.000000000000000000e+00 0.000000000000000000e+00 1.984275276472466203e-03 7.635057475500777002e+01 3.242062622293323670e+01 0.000000000000000000e+00
0.000000000000000000e+00 1.000000000000000000e+02 1.200000000000000000e+03 1.200000000000000000e+03 1.000000000000000000e+00 1.200000000000000000e+02 0.000000000000000000e+00 0.000000000000000000e+00 1.979916071695132871e-03 2.892378853938562884e+02 1.228186349867754927e+02 0.000000000000000000e+00
0.000000000000000000e+00 1.010000000000000000e+02 1.200000000000000000e+03 1.200000000000000000e+03 1.000000000000000000e+00 6.000000000000000000e+01 0.000000000000000000e+00 0.000000000000000000e+00 2.572268592171647605e-03 5.503455360032451154e+02 2.336923719759002722e+02 0.000000000000000000e+00
0.000000000000000000e+00 1.020000000000000000e+02 5.000000000000000000e+03 5.000000000000000000e+03 1.000000000000000000e+00 3.600000000000000000e+02 0.000000000000000000e+00 0.000000000000000000e+00 9.161056556184813369e-04 8.591630080978375190e+02 3.648250565171284734e+02 0.000000000000000000e+00
0.000000000000000000e+00 1.030000000000000000e+02 5.000000000000000000e+03 5.000000000000000000e+03 1.000000000000000000e+00 4.800000000000000000e+02 0.000000000000000000e+00 0.000000000000000000e+00 9.141058019587884565e-04 6.753638533463841895e+02 2.867787063041971010e+02 0.000000000000000000e+00
0.000000000000000000e+00 1.040000000000000000e+02 5.000000000000000000e+03 5.000000000000000000e+03 1.000000000000000000e+00 4.200000000000000000e+02 0.000000000000000000e+00 0.000000000000000000e+00 9.113571177481479381e-04 7.541487839876498356e+02 3.202330292941188077e+02 0.000000000000000000e+00
0.000000000000000000e+00 1.050000000000000000e+02 5.000000000000000000e+03 5.000000000000000000e+03 1.000000000000000000e+00 6.000000000000000000e+02 0.000000000000000000e+00 0.000000000000000000e+00 9.311268626502942989e-04 5.646270935692540434e+02 2.397567276302565062e+02 0.000000000000000000e+00
0.000000000000000000e+00 1.060000000000000000e+02 5.000000000000000000e+03 5.000000000000000000e+03 1.000000000000000000e+00 5.400000000000000000e+02 0.000000000000000000e+00 0.000000000000000000e+00 9.213239836899312024e-04 6.139598934057835322e+02 2.607048379642392888e+02 0.000000000000000000e+00
0.000000000000000000e+00 1.070000000000000000e+02 5.000000000000000000e+01 5.000000000000000000e+01 1.000000000000000000e+00 4.800000000000000000e+02 0.000000000000000000e+00 0.000000000000000000e+00 nan 1.694481510099251187e+00 7.195250573669856875e-01 0.000000000000000000e+00
0.000000000000000000e+00 1.080000000000000000e+02 5.000000000000000000e+01 5.000000000000000000e+01 1.000000000000000000e+00 4.200000000000000000e+02 0.000000000000000000e+00 0.000000000000000000e+00 nan 1.653676442684980152e+00 7.021980648343865150e-01 0.000000000000000000e+00
0.000000000000000000e+00 1.090000000000000000e+02 5.000000000000000000e+01 5.000000000000000000e+01 1.000000000000000000e+00 3.600000000000000000e+02 0.000000000000000000e+00 0.000000000000000000e+00 nan 1.679261058297392806e+00 7.130620205084470253e-01 0.000000000000000000e+00
0.000000000000000000e+00 1.100000000000000000e+02 5.000000000000000000e+01 5.000000000000000000e+01 1.000000000000000000e+00 3.000000000000000000e+02 0.000000000000000000e+00 0.000000000000000000e+00 2.573744171238028303e-02 1.822291633864339344e+00 7.737968721292310947e-01 0.000000000000000000e+00
0.000000000000000000e+00 1.110000000000000000e+02 5.000000000000000000e+01 5.000000000000000000e+01 1.000000000000000000e+00 2.400000000000000000e+02 0.000000000000000000e+00 0.000000000000000000e+00 1.198767301608197056e-01 2.130556927293321134e+00 9.046950858994994293e-01 0.000000000000000000e+00
0.000000000000000000e+00 1.120000000000000000e+02 5.000000000000000000e+01 5.000000000000000000e+01 1.000000000000000000e+00 1.800000000000000000e+02 0.000000000000000000e+00 0.000000000000000000e+00 2.627279338854408564e-01 2.553729795125769808e+00 1.084386324894169862e+00 0.000000000000000000e+00
0.000000000000000000e+00 1.130000000000000000e+02 5.000000000000000000e+01 5.000000000000000000e+01 1.000000000000000000e+00 1.200000000000000000e+02 0.000000000000000000e+00 0.000000000000000000e+00 3.595429977104546704e-01 3.436836710596538058e+00 1.459378645688551135e+00 0.000000000000000000e+00
0.000000000000000000e+00 1.140000000000000000e+02 5.000000000000000000e+01 5.000000000000000000e+01 1.000000000000000000e+00 6.000000000000000000e+01 0.000000000000000000e+00 0.000000000000000000e+00 3.424907229782784834e-01 5.760855458472826207e+00 2.446223124616911271e+00 0.000000000000000000e+00
0.000000000000000000e+00 1.150000000000000000e+02 3.000000000000000000e+03 3.000000000000000000e+03 1.000000000000000000e+00 4.800000000000000000e+02 0.000000000000000000e+00 0.000000000000000000e+00 1.206663859510555357e-03 3.302771205162982255e+02 1.402450617903601824e+02 0.000000000000000000e+00
0.000000000000000000e+00 1.160000000000000000e+02 3.000000000000000000e+03 3.000000000000000000e+03 1.000000000000000000e+00 4.200000000000000000e+02 0.000000000000000000e+00 0.000000000000000000e+00 1.189844457613196483e-03 3.671647205031716226e+02 1.559085862009221444e+02 0.000000000000000000e+00
0.000000000000000000e+00 1.170000000000000000e+02 3.000000000000000000e+03 3.000000000000000000e+03 1.000000000000000000e+00 3.600000000000000000e+02 0.000000000000000000e+00 0.000000000000000000e+00 1.178535633729154092e-03 4.160726682302325230e+02 1.766762922421369524e+02 0.000000000000000000e+00
0.000000000000000000e+00 1.180000000000000000e+02 3.000000000000000000e+03 3.000000000000000000e+03 1.000000000000000000e+00 3.000000000000000000e+02 0.000000000000000000e+00 0.000000000000000000e+00 1.178354984283515533e-03 4.844041384588828691e+02 2.056917785388037601e+02 0.000000000000000000e+00
0.000000000000000000e+00 1.190000000000000000e+02 3.000000000000000000e+03 3.000000000000000000e+03 1.000000000000000000e+00 2.400000000000000000e+02 0.000000000000000000e+00 0.000000000000000000e+00 1.200084008836179968e-03 5.869639158393496245e+02 2.492415778511038695e+02 0.000000000000000000e+00
0.000000000000000000e+00 1.200000000000000000e+02 3.000000000000000000e+03 3.000000000000000000e+03 1.000000000000000000e+00 6.000000000000000000e+02 0.000000000000000000e+00 0.000000000000000000e+00 1.244364509970080244e-03 2.777374358041300297e+02 1.179352169019660437e+02 0.000000000000000000e+00
0.000000000000000000e+00 1.210000000000000000e+02 3.000000000000000000e+03 3.000000000000000000e+03 1.000000000000000000e+00 5.400000000000000000e+02 0.000000000000000000e+00 0.000000000000000000e+00 1.225614440376839248e-03 3.012934436369631612e+02 1.279377679987104699e+02 0.000000000000000000e+00
0.000000000000000000e+00 1.220000000000000000e+02 7.000000000000000000e+02 7.000000000000000000e+02 1.000000000000000000e+00 4.800000000000000000e+02 0.000000000000000000e+00 0.000000000000000000e+00 3.852778315201069517e-03 4.274121857255217805e+01 1.814913739811132842e+01 0.000000000000000000e+00
0.000000000000000000e+00 1.230000000000000000e+02 7.000000000000000000e+02 7.000000000000000000e+02 1.000000000000000000e+00 4.200000000000000000e+02 0.000000000000000000e+00 0.000000000000000000e+00 3.984344353533410786e-03 4.822516547823022393e+01 2.047777727313385299e+01 0.000000000000000000e+00
0.000000000000000000e+00 1.240000000000000000e+02 7.000000000000000000e+02 7.000000000000000000e+02 1.000000000000000000e+00 3.600000000000000000e+02 0.000000000000000000e+00 0.000000000000000000e+00 3.985777870161444011e-03 5.478685735270653367e+01 2.326405832386689454e+01 0.000000000000000000e+00
0.000000000000000000e+00 1.250000000000000000e+02 7.000000000000000000e+02 7.000000000000000000e+02 1.000000000000000000e+00 6.000000000000000000e+01 0.000000000000000000e+00 0.000000000000000000e+00 4.478547555868966565e-03 2.489926293039010261e+02 1.057293542691724042e+02 0.000000000000000000e+00
0.000000000000000000e+00 1.260000000000000000e+02 7.000000000000000000e+02 7.000000000000000000e+02 1.000000000000000000e+00 3.000000000000000000e+02 0.000000000000000000e+00 0.000000000000000000e+00 3.900437301958474805e-03 6.314721846813598205e+01 2.681410550663948200e+01 0.000000000000000000e+00
0.000000000000000000e+00 1.270000000000000000e+02 7.000000000000000000e+02 7.000000000000000000e+02 1.000000000000000000e+00 2.400000000000000000e+02 0.000000000000000000e+00 0.000000000000000000e+00 3.779847875304226043e-03 7.504628139049593472e+01 3.186678615307683060e+01 0.000000000000000000e+00
0.000000000000000000e+00 1.280000000000000000e+02 7.000000000000000000e+02 7.000000000000000000e+02 1.000000000000000000e+00 6.000000000000000000e+02 0.000000000000000000e+00 0.000000000000000000e+00 3.316607023870707556e-03 3.507727998265112035e+01 1.489481103297287490e+01 0.000000000000000000e+00
0.000000000000000000e+00 1.290000000000000000e+02 7.000000000000000000e+02 7.000000000000000000e+02 1.000000000000000000e+00 1.800000000000000000e+02 0.000000000000000000e+00 0.000000000000000000e+00 3.681121317315341410e-03 9.440749668280226103e+01 4.008810899482049450e+01 0.000000000000000000e+00
0.000000000000000000e+00 1.300000000000000000e+02 7.000000000000000000e+02 7.000000000000000000e+02 1.000000000000000000e+00 1.200000000000000000e+02 0.000000000000000000e+00 0.000000000000000000e+00 3.727311183431850517e-03 1.329188886121136477e+02 5.644114166119475584e+01 0.000000000000000000e+00
0.000000000000000000e+00 1.310000000000000000e+02 7.000000000000000000e+02 7.000000000000000000e+02 1.000000000000000000e+00 5.400000000000000000e+02 0.000000000000000000e+00 0.000000000000000000e+00 3.620086641807366591e-03 3.840043243090931213e+01 1.630591610654323276e+01 0.000000000000000000e+00
0.000000000000000000e+00 1.320000000000000000e+02 8.000000000000000000e+03 8.000000000000000000e+03 1.000000000000000000e+00 4.800000000000000000e+02 0.000000000000000000e+00 0.000000000000000000e+00 7.221715809256572640e-04 1.314299409453290991e+03 5.580889212115885130e+02 0.000000000000000000e+00
0.000000000000000000e+00 1.330000000000000000e+02 8.000000000000000000e+03 8.000000000000000000e+03 1.000000000000000000e+00 6.000000000000000000e+02 0.000000000000000000e+00 0.000000000000000000e+00 7.222794945492827523e-04 1.091120393770794180e+03 4.633207616861121778e+02 0.000000000000000000e+00
0.000000000000000000e+00 1.340000000000000000e+02 8.000000000000000000e+03 8.000000000000000000e+03 1.000000000000000000e+00 5.400000000000000000e+02 0.000000000000000000e+00 0.000000000000000000e+00 7.204960529827284963e-04 1.190332336686969029e+03 5.054489752386280657e+02 0.000000000000000000e+00
0.000000000000000000e+00 1.350000000000000000e+02 4.000000000000000000e+03 4.000000000000000000e+03 1.000000000000000000e+00 4.800000000000000000e+02 0.000000000000000000e+00 0.000000000000000000e+00 1.029530061828461476e-03 4.936187796729377624e+02 2.096045773558122107e+02 0.000000000000000000e+00
0.000000000000000000e+00 1.360000000000000000e+02 4.000000000000000000e+03 4.000000000000000000e+03 1.000000000000000000e+00 4.200000000000000000e+02 0.000000000000000000e+00 0.000000000000000000e+00 1.021034617247111803e-03 5.500907657732861935e+02 2.335841892880196156e+02 0.000000000000000000e+00
0.000000000000000000e+00 1.370000000000000000e+02 4.000000000000000000e+03 4.000000000000000000e+03 1.000000000000000000e+00 3.600000000000000000e+02 0.000000000000000000e+00 0.000000000000000000e+00 1.019411789640438338e-03 6.252411273770534308e+02 2.654951708607445653e+02 0.000000000000000000e+00
0.000000000000000000e+00 1.380000000000000000e+02 4.000000000000000000e+03 4.000000000000000000e+03 1.000000000000000000e+00 3.000000000000000000e+02 0.000000000000000000e+00 0.000000000000000000e+00 1.030076434170202173e-03 7.304663866540096251e+02 3.101768096195369822e+02 0.000000000000000000e+00
0.000000000000000000e+00 1.390000000000000000e+02 4.000000000000000000e+03 4.000000000000000000e+03 1.000000000000000000e+00 6.000000000000000000e+02 0.000000000000000000e+00 0.000000000000000000e+00 1.055767872237998182e-03 4.139117265974720681e+02 1.757586949458480206e+02 0.000000000000000000e+00
0.000000000000000000e+00 1.400000000000000000e+02 4.000000000000000000e+03 4.000000000000000000e+03 1.000000000000000000e+00 5.400000000000000000e+02 0.000000000000000000e+00 0.000000000000000000e+00 1.041775095918360487e-03 4.494930470248985444e+02 1.908675358916766527e+02 0.000000000000000000e+00
0.000000000000000000e+00 1.410000000000000000e+02 2.500000000000000000e+03 2.500000000000000000e+03 1.000000000000000000e+00 4.800000000000000000e+02 0.000000000000000000e+00 0.000000000000000000e+00 1.337621729561640693e-03 2.563173111058979998e+02 1.088396225502751662e+02 0.000000000000000000e+00
0.000000000000000000e+00 1.420000000000000000e+02 2.500000000000000000e+03 2.500000000000000000e+03 1.000000000000000000e+00 4.200000000000000000e+02 0.000000000000000000e+00 0.000000000000000000e+00 1.315309954923381437e-03 2.845690813407553605e+02 1.208361279578578973e+02 0.000000000000000000e+00
0.000000000000000000e+00 1.430000000000000000e+02 2.500000000000000000e+03 2.500000000000000000e+03 1.000000000000000000e+00 3.600000000000000000e+02 0.000000000000000000e+00 0.000000000000000000e+00 1.297096506939755985e-03 3.218869299951800258e+02 1.366823481932823938e+02 0.000000000000000000e+00
0.000000000000000000e+00 1.440000000000000000e+02 2.500000000000000000e+03 2.500000000000000000e+03 1.000000000000000000e+00 3.000000000000000000e+02 0.000000000000000000e+00 0.000000000000000000e+00 1.288843406686227032e-03 3.739049004400840204e+02 1.587706583609698612e+02 0.000000000000000000e+00
0.000000000000000000e+00 1.450000000000000000e+02 2.500000000000000000e+03 2.500000000000000000e+03 1.000000000000000000e+00 2.400000000000000000e+02 0.000000000000000000e+00 0.000000000000000000e+00 1.301521116507194879e-03 4.518854674008096026e+02 1.918834256479021576e+02 0.000000000000000000e+00
0.000000000000000000e+00 1.460000000000000000e+02 2.500000000000000000e+03 2.500000000000000000e+03 1.000000000000000000e+00 1.800000000000000000e+02 0.000000000000000000e+00 0.000000000000000000e+00 1.359955446637058866e-03 5.821095649397934721e+02 2.471802823523539132e+02 0.000000000000000000e+00
0.000000000000000000e+00 1.470000000000000000e+02 2.500000000000000000e+03 2.500000000000000000e+03 1.000000000000000000e+00 6.000000000000000000e+02 0.000000000000000000e+00 0.000000000000000000e+00 1.380665174685981062e-03 2.157104042551750354e+02 9.159677463064757319e+01 0.000000000000000000e+00
0.000000000000000000e+00 1.480000000000000000e+02 2.500000000000000000e+03 2.500000000000000000e+03 1.000000000000000000e+00 5.400000000000000000e+02 0.000000000000000000e+00 0.000000000000000000e+00 1.360329641709565876e-03 2.339951703117864952e+02 9.936100650182017091e+01 0.000000000000000000e+00
0.000000000000000000e+00 1.490000000000000000e+02 7.000000000000000000e+01 7.000000000000000000e+01 1.000000000000000000e+00 4.800000000000000000e+02 0.000000000000000000e+00 0.000000000000000000e+00 nan 2.497699644622554338e+00 1.060594328926774743e+00 0.000000000000000000e+00
0.000000000000000000e+00 1.500000000000000000e+02 7.000000000000000000e+01 7.000000000000000000e+01 1.000000000000000000e+00 4.200000000000000000e+02 0.000000000000000000e+00 0.000000000000000000e+00 2.267537837004187379e-05 2.541684647651075935e+00 1.079271612590690488e+00 0.000000000000000000e+00
0.000000000000000000e+00 1.510000000000000000e+02 7.000000000000000000e+01 7.000000000000000000e+01 1.000000000000000000e+00 3.600000000000000000e+02 0.000000000000000000e+00 0.000000000000000000e+00 1.366485886551786939e-02 2.699894812417863665e+00 1.146452149646651320e+00 0.000000000000000000e+00
0.000000000000000000e+00 1.520000000000000000e+02 7.000000000000000000e+01 7.000000000000000000e+01 1.000000000000000000e+00 6.000000000000000000e+01 0.000000000000000000e+00 0.000000000000000000e+00 2.107527630603079905e-01 9.230910973726187407e+00 3.919707419841268692e+00 0.000000000000000000e+00
0.000000000000000000e+00 1.530000000000000000e+02 7.000000000000000000e+01 7.000000000000000000e+01 1.000000000000000000e+00 3.000000000000000000e+02 0.000000000000000000e+00 0.000000000000000000e+00 5.747116685524104179e-02 3.015579346645143488e+00 1.280500784138065118e+00 0.000000000000000000e+00
0.000000000000000000e+00 1.540000000000000000e+02 7.000000000000000000e+01 7.000000000000000000e+01 1.000000000000000000e+00 2.400000000000000000e+02 0.000000000000000000e+00 0.000000000000000000e+00 1.310733174935168055e-01 3.469223061616887094e+00 1.473130811726915956e+00 0.000000000000000000e+00
0.000000000000000000e+00 1.550000000000000000e+02 7.000000000000000000e+01 7.000000000000000000e+01 1.000000000000000000e+00 1.800000000000000000e+02 0.000000000000000000e+00 0.000000000000000000e+00 1.986310660302804398e-01 4.104048841641408707e+00 1.742695898786160713e+00 0.000000000000000000e+00
0.000000000000000000e+00 1.560000000000000000e+02 7.000000000000000000e+01 7.000000000000000000e+01 1.000000000000000000e+00 1.200000000000000000e+02 0.000000000000000000e+00 0.000000000000000000e+00 2.281957448576713288e-01 5.565676846886010942e+00 2.363344733284930221e+00 0.000000000000000000e+00
0.000000000000000000e+00 1.570000000000000000e+02 7.000000000000000000e+01 7.000000000000000000e+01 1.000000000000000000e+00 5.400000000000000000e+02 0.000000000000000000e+00 0.000000000000000000e+00 nan 2.524978449054293250e+00 1.072177685373372880e+00 0.000000000000000000e+00
0.000000000000000000e+00 1.580000000000000000e+02 2.000000000000000000e+02 2.000000000000000000e+02 1.000000000000000000e+00 4.800000000000000000e+02 0.000000000000000000e+00 0.000000000000000000e+00 9.033752537575006139e-03 7.333352976375437038e+00 3.113950308439676018e+00 0.000000000000000000e+00
0.000000000000000000e+00 1.590000000000000000e+02 2.000000000000000000e+02 2.000000000000000000e+02 1.000000000000000000e+00 4.200000000000000000e+02 0.000000000000000000e+00 0.000000000000000000e+00 1.447644380863434728e-02 8.274429865252779237e+00 3.513558329194386154e+00 0.000000000000000000e+00
0.000000000000000000e+00 1.600000000000000000e+02 2.000000000000000000e+02 2.000000000000000000e+02 1.000000000000000000e+00 3.600000000000000000e+02 0.000000000000000000e+00 0.000000000000000000e+00 1.979883115134519617e-02 9.246311405816010520e+00 3.926246881450535131e+00 0.000000000000000000e+00
0.000000000000000000e+00 1.610000000000000000e+02 2.000000000000000000e+02 2.000000000000000000e+02 1.000000000000000000e+00 6.000000000000000000e+01 0.000000000000000000e+00 0.000000000000000000e+00 2.588063504299797229e-02 4.027899798356707350e+01 1.710360848559111346e+01 0.000000000000000000e+00
0.000000000000000000e+00 1.620000000000000000e+02 2.000000000000000000e+02 2.000000000000000000e+02 1.000000000000000000e+00 3.000000000000000000e+02 0.000000000000000000e+00 0.000000000000000000e+00 2.422817438699264442e-02 1.068153110377010506e+01 4.535681997354608974e+00 0.000000000000000000e+00
0.000000000000000000e+00 1.630000000000000000e+02 2.000000000000000000e+02 2.000000000000000000e+02 1.000000000000000000e+00 2.400000000000000000e+02 0.000000000000000000e+00 0.000000000000000000e+00 2.709468688023759439e-02 1.304374355597265200e+01 5.538744609754841619e+00 0.000000000000000000e+00
0.000000000000000000e+00 1.640000000000000000e+02 2.000000000000000000e+02 2.000000000000000000e+02 1.000000000000000000e+00 6.000000000000000000e+02 0.000000000000000000e+00 0.000000000000000000e+00 1.939539717741616464e-03 5.855053332869389671e+00 2.486222222025218365e+00 0.000000000000000000e+00
0.000000000000000000e+00 1.650000000000000000e+02 2.000000000000000000e+02 2.000000000000000000e+02 1.000000000000000000e+00 1.800000000000000000e+02 0.000000000000000000e+00 0.000000000000000000e+00 2.725987196986484618e-02 1.654708575005908244e+01 7.026363375821266466e+00 0.000000000000000000e+00
0.000000000000000000e+00 1.660000000000000000e+02 2.000000000000000000e+02 2.000000000000000000e+02 1.000000000000000000e+00 1.200000000000000000e+02 0.000000000000000000e+00 0.000000000000000000e+00 2.580964990995518113e-02 2.263070901593169637e+01 9.609642894238511701e+00 0.000000000000000000e+00
0.000000000000000000e+00 1.670000000000000000e+02 2.000000000000000000e+02 2.000000000000000000e+02 1.000000000000000000e+00 5.400000000000000000e+02 0.000000000000000000e+00 0.000000000000000000e+00 4.770272805473921816e-03 6.501918222049877016e+00 2.760899457346019936e+00 0.000000000000000000e+00
0.000000000000000000e+00 1.680000000000000000e+02 8.000000000000000000e+01 8.000000000000000000e+01 1.000000000000000000e+00 4.800000000000000000e+02 0.000000000000000000e+00 0.000000000000000000e+00 nan 2.954809724596172860e+00 1.254696273713873822e+00 0.000000000000000000e+00
0.000000000000000000e+00 1.690000000000000000e+02 8.000000000000000000e+01 8.000000000000000000e+01 1.000000000000000000e+00 4.200000000000000000e+02 0.000000000000000000e+00 0.000000000000000000e+00 2.412196178588511732e-03 3.051567481728395759e+00 1.295782370160677655e+00 0.000000000000000000e+00
0.000000000000000000e+00 1.700000000000000000e+02 8.000000000000000000e+01 8.000000000000000000e+01 1.000000000000000000e+00 3.600000000000000000e+02 0.000000000000000000e+00 0.000000000000000000e+00 2.200834286236809031e-02 3.280550378440285186e+00 1.393015022692265514e+00 0.000000000000000000e+00
0.000000000000000000e+00 1.710000000000000000e+02 8.000000000000000000e+01 8.000000000000000000e+01 1.000000000000000000e+00 6.000000000000000000e+01 0.000000000000000000e+00 0.000000000000000000e+00 1.731958437598049572e-01 1.113862016437867908e+01 4.729775016721307068e+00 0.000000000000000000e+00
0.000000000000000000e+00 1.720000000000000000e+02 8.000000000000000000e+01 8.000000000000000000e+01 1.000000000000000000e+00 3.000000000000000000e+02 0.000000000000000000e+00 0.000000000000000000e+00 6.502307221555321537e-02 3.673371185061803601e+00 1.559817912977411236e+00 0.000000000000000000e+00
0.000000000000000000e+00 1.730000000000000000e+02 8.000000000000000000e+01 8.000000000000000000e+01 1.000000000000000000e+00 2.400000000000000000e+02 0.000000000000000000e+00 0.000000000000000000e+00 1.241215020524935736e-01 4.168289236500110739e+00 1.769974198089218964e+00 0.000000000000000000e+00
0.000000000000000000e+00 1.740000000000000000e+02 8.000000000000000000e+01 8.000000000000000000e+01 1.000000000000000000e+00 1.200000000000000000e+02 0.000000000000000000e+00 0.000000000000000000e+00 1.874317510080756588e-01 6.710871397360533841e+00 2.849626920322944290e+00 0.000000000000000000e+00
0.000000000000000000e+00 1.750000000000000000e+02 8.000000000000000000e+01 8.000000000000000000e+01 1.000000000000000000e+00 1.800000000000000000e+02 0.000000000000000000e+00 0.000000000000000000e+00 1.720184975279033524e-01 4.969534881759851253e+00 2.110205894590170494e+00 0.000000000000000000e+00
0.000000000000000000e+00 1.760000000000000000e+02 8.000000000000000000e+01 8.000000000000000000e+01 1.000000000000000000e+00 6.000000000000000000e+02 0.000000000000000000e+00 0.000000000000000000e+00 nan 2.995220481344950780e+00 1.271855830719724301e+00 0.000000000000000000e+00
0.000000000000000000e+00 1.770000000000000000e+02 8.000000000000000000e+01 8.000000000000000000e+01 1.000000000000000000e+00 5.400000000000000000e+02 0.000000000000000000e+00 0.000000000000000000e+00 nan 2.947591104564096565e+00 1.251631042277748129e+00 0.000000000000000000e+00
0.000000000000000000e+00 1.780000000000000000e+02 6.000000000000000000e+02 6.000000000000000000e+02 1.000000000000000000e+00 4.800000000000000000e+02 0.000000000000000000e+00 0.000000000000000000e+00 4.874401605519728536e-03 3.417509787533239063e+01 1.451171884302861592e+01 0.000000000000000000e+00
0.000000000000000000e+00 1.790000000000000000e+02 6.000000000000000000e+02 6.000000000000000000e+02 1.000000000000000000e+00 4.200000000000000000e+02 0.000000000000000000e+00 0.000000000000000000e+00 5.153137442760732066e-03 3.861060160274362119e+01 1.639515991623932933e+01 0.000000000000000000e+00
0.000000000000000000e+00 1.800000000000000000e+02 6.000000000000000000e+02 6.000000000000000000e+02 1.000000000000000000e+00 3.600000000000000000e+02 0.000000000000000000e+00 0.000000000000000000e+00 5.250714373831796324e-03 4.415041729170010143e+01 1.874752326611469400e+01 0.000000000000000000e+00
0.000000000000000000e+00 1.810000000000000000e+02 6.000000000000000000e+02 6.000000000000000000e+02 1.000000000000000000e+00 6.000000000000000000e+01 0.000000000000000000e+00 0.000000000000000000e+00 5.702753176328733374e-03 1.986331544604665567e+02 8.434528851824482842e+01 0.000000000000000000e+00
0.000000000000000000e+00 1.820000000000000000e+02 6.000000000000000000e+02 6.000000000000000000e+02 1.000000000000000000e+00 3.000000000000000000e+02 0.000000000000000000e+00 0.000000000000000000e+00 5.174343583301719944e-03 5.102027716262426082e+01 2.166466121555170332e+01 0.000000000000000000e+00
0.000000000000000000e+00 1.830000000000000000e+02 6.000000000000000000e+02 6.000000000000000000e+02 1.000000000000000000e+00 2.400000000000000000e+02 0.000000000000000000e+00 0.000000000000000000e+00 5.013932691481069043e-03 6.060216859391741906e+01 2.573340492310718375e+01 0.000000000000000000e+00
0.000000000000000000e+00 1.840000000000000000e+02 6.000000000000000000e+02 6.000000000000000000e+02 1.000000000000000000e+00 6.000000000000000000e+02 0.000000000000000000e+00 0.000000000000000000e+00 3.985079846101445729e-03 2.832192904741310713e+01 1.202629683541957917e+01 0.000000000000000000e+00
0.000000000000000000e+00 1.850000000000000000e+02 6.000000000000000000e+02 6.000000000000000000e+02 1.000000000000000000e+00 1.800000000000000000e+02 0.000000000000000000e+00 0.000000000000000000e+00 4.855221181820408398e-03 7.603157710910355149e+01 3.228517074696541300e+01 0.000000000000000000e+00
0.000000000000000000e+00 1.860000000000000000e+02 6.000000000000000000e+02 6.000000000000000000e+02 1.000000000000000000e+00 1.200000000000000000e+02 0.000000000000000000e+00 0.000000000000000000e+00 4.856262889443158960e-03 1.065910516996310093e+02 4.526159307839957791e+01 0.000000000000000000e+00
0.000000000000000000e+00 1.870000000000000000e+02 6.000000000000000000e+02 6.000000000000000000e+02 1.000000000000000000e+00 5.400000000000000000e+02 0.000000000000000000e+00 0.000000000000000000e+00 4.472758329413439524e-03 3.082150787166002104e+01 1.308768911747771568e+01 0.000000000000000000e+00
0.000000000000000000e+00 1.880000000000000000e+02 9.000000000000000000e+01 9.000000000000000000e+01 1.000000000000000000e+00 4.800000000000000000e+02 0.000000000000000000e+00 0.000000000000000000e+00 nan 3.444301860546838956e+00 1.462548560741757431e+00 0.000000000000000000e+00
0.000000000000000000e+00 1.890000000000000000e+02 9.000000000000000000e+01 9.000000000000000000e+01 1.000000000000000000e+00 4.200000000000000000e+02 0.000000000000000000e+00 0.000000000000000000e+00 6.309839629950039427e-03 3.597460283549285265e+00 1.527583984521989402e+00 0.000000000000000000e+00
0.000000000000000000e+00 1.900000000000000000e+02 9.000000000000000000e+01 9.000000000000000000e+01 1.000000000000000000e+00 3.600000000000000000e+02 0.000000000000000000e+00 0.000000000000000000e+00 2.783749774789600825e-02 3.896623049890660440e+00 1.654617006322998130e+00 0.000000000000000000e+00
0.000000000000000000e+00 1.910000000000000000e+02 9.000000000000000000e+01 9.000000000000000000e+01 1.000000000000000000e+00 6.000000000000000000e+01 0.000000000000000000e+00 0.000000000000000000e+00 1.415833540155686243e-01 1.315070819419993420e+01 5.584164838301457934e+00 0.000000000000000000e+00
0.000000000000000000e+00 1.920000000000000000e+02 9.000000000000000000e+01 9.000000000000000000e+01 1.000000000000000000e+00 3.000000000000000000e+02 0.000000000000000000e+00 0.000000000000000000e+00 6.676225066258464902e-02 4.355908026899182772e+00 1.849642474267168879e+00 0.000000000000000000e+00
0.000000000000000000e+00 1.930000000000000000e+02 9.000000000000000000e+01 9.000000000000000000e+01 1.000000000000000000e+00 2.400000000000000000e+02 0.000000000000000000e+00 0.000000000000000000e+00 1.119276559115253561e-01 4.897193722181568454e+00 2.079487780119562146e+00 0.000000000000000000e+00
0.000000000000000000e+00 1.940000000000000000e+02 9.000000000000000000e+01 9.000000000000000000e+01 1.000000000000000000e+00 1.200000000000000000e+02 0.000000000000000000e+00 0.000000000000000000e+00 1.525837648698917248e-01 7.905384360558611156e+00 3.356851108517457050e+00 0.000000000000000000e+00
0.000000000000000000e+00 1.950000000000000000e+02 9.000000000000000000e+01 9.000000000000000000e+01 1.000000000000000000e+00 1.800000000000000000e+02 0.000000000000000000e+00 0.000000000000000000e+00 1.456504681093399034e-01 5.886939873066050488e+00 2.499762154168174266e+00 0.000000000000000000e+00
0.000000000000000000e+00 1.960000000000000000e+02 9.000000000000000000e+01 9.000000000000000000e+01 1.000000000000000000e+00 6.000000000000000000e+02 0.000000000000000000e+00 0.000000000000000000e+00 nan 3.419522148997900413e+00 1.452026390232654007e+00 0.000000000000000000e+00
0.000000000000000000e+00 1.970000000000000000e+02 9.000000000000000000e+01 9.000000000000000000e+01 1.000000000000000000e+00 5.400000000000000000e+02 0.000000000000000000e+00 0.000000000000000000e+00 nan 3.397185978952800500e+00 1.442541816965095869e+00 0.000000000000000000e+00
0.000000000000000000e+00 1.980000000000000000e+02 1.500000000000000000e+03 1.500000000000000000e+03 1.000000000000000000e+00 4.800000000000000000e+02 0.000000000000000000e+00 0.000000000000000000e+00 1.789836502245160553e-03 1.262227220542382611e+02 5.359775883407144903e+01 0.000000000000000000e+00
0.000000000000000000e+00 1.990000000000000000e+02 1.500000000000000000e+03 1.500000000000000000e+03 1.000000000000000000e+00 4.200000000000000000e+02 0.000000000000000000e+00 0.000000000000000000e+00 1.757222864254220831e-03 1.399523441362664755e+02 5.942774697930635597e+01 0.000000000000000000e+00
0.000000000000000000e+00 2.000000000000000000e+02 1.500000000000000000e+03 1.500000000000000000e+03 1.000000000000000000e+00 3.600000000000000000e+02 0.000000000000000000e+00 0.000000000000000000e+00 1.719336351872443203e-03 1.577001696258958816e+02 6.696397860972224692e+01 0.000000000000000000e+00
0.000000000000000000e+00 2.010000000000000000e+02 1.500000000000000000e+03 1.500000000000000000e+03 1.000000000000000000e+00 6.000000000000000000e+01 0.000000000000000000e+00 0.000000000000000000e+00 2.441732908592407752e-03 7.651443220027562120e+02 3.249020475595567632e+02 0.000000000000000000e+00
0.000000000000000000e+00 2.020000000000000000e+02 1.500000000000000000e+03 1.500000000000000000e+03 1.000000000000000000e+00 3.000000000000000000e+02 0.000000000000000000e+00 0.000000000000000000e+00 1.684196123952046978e-03 1.821020629077307831e+02 7.732571673364364528e+01 0.000000000000000000e+00
0.000000000000000000e+00 2.030000000000000000e+02 1.500000000000000000e+03 1.500000000000000000e+03 1.000000000000000000e+00 2.400000000000000000e+02 0.000000000000000000e+00 0.000000000000000000e+00 1.664287367021516882e-03 2.183998932047202288e+02 9.273880815487058271e+01 0.000000000000000000e+00
0.000000000000000000e+00 2.040000000000000000e+02 1.500000000000000000e+03 1.500000000000000000e+03 1.000000000000000000e+00 6.000000000000000000e+02 0.000000000000000000e+00 0.000000000000000000e+00 1.810705297877573646e-03 1.054183611265570306e+02 4.476363529790107521e+01 0.000000000000000000e+00
0.000000000000000000e+00 2.050000000000000000e+02 1.500000000000000000e+03 1.500000000000000000e+03 1.000000000000000000e+00 1.800000000000000000e+02 0.000000000000000000e+00 0.000000000000000000e+00 1.685536579665821051e-03 2.788081478031479605e+02 1.183898716786190874e+02 0.000000000000000000e+00
0.000000000000000000e+00 2.060000000000000000e+02 1.500000000000000000e+03 1.500000000000000000e+03 1.000000000000000000e+00 1.200000000000000000e+02 0.000000000000000000e+00 0.000000000000000000e+00 1.822337410727753937e-03 3.999707021424603113e+02 1.698389393386243285e+02 0.000000000000000000e+00
0.000000000000000000e+00 2.070000000000000000e+02 1.500000000000000000e+03 1.500000000000000000e+03 1.000000000000000000e+00 5.400000000000000000e+02 0.000000000000000000e+00 0.000000000000000000e+00 1.810267891031084589e-03 1.150222042353311878e+02 4.884170031224254416e+01 0.000000000000000000e+00
0.000000000000000000e+00 2.080000000000000000e+02 2.000000000000000000e+03 2.000000000000000000e+03 1.000000000000000000e+00 4.800000000000000000e+02 0.000000000000000000e+00 0.000000000000000000e+00 1.519523593378997468e-03 1.880935684705709434e+02 7.986988045459487751e+01 0.000000000000000000e+00
0.000000000000000000e+00 2.090000000000000000e+02 2.000000000000000000e+03 2.000000000000000000e+03 1.000000000000000000e+00 4.200000000000000000e+02 0.000000000000000000e+00 0.000000000000000000e+00 1.491042451602136044e-03 2.085848939600026881e+02 8.857108023779306905e+01 0.000000000000000000e+00
0.000000000000000000e+00 2.100000000000000000e+02 2.000000000000000000e+03 2.000000000000000000e+03 1.000000000000000000e+00 3.600000000000000000e+02 0.000000000000000000e+00 0.000000000000000000e+00 1.463917517617450981e-03 2.354662724912443252e+02 9.998567834023113221e+01 0.000000000000000000e+00
0.000000000000000000e+00 2.110000000000000000e+02 2.000000000000000000e+03 2.000000000000000000e+03 1.000000000000000000e+00 6.000000000000000000e+01 0.000000000000000000e+00 0.000000000000000000e+00 2.297383608404238078e-03 1.171122942935607398e+03 4.972921201425084519e+02 0.000000000000000000e+00
0.000000000000000000e+00 2.120000000000000000e+02 2.000000000000000000e+03 2.000000000000000000e+03 1.000000000000000000e+00 3.000000000000000000e+02 0.000000000000000000e+00 0.000000000000000000e+00 1.444558989098565505e-03 2.727745403825969674e+02 1.158278303110815131e+02 0.000000000000000000e+00
0.000000000000000000e+00 2.130000000000000000e+02 2.000000000000000000e+03 2.000000000000000000e+03 1.000000000000000000e+00 2.400000000000000000e+02 0.000000000000000000e+00 0.000000000000000000e+00 1.444343161851314528e-03 3.285702381228525724e+02 1.395202709651178736e+02 0.000000000000000000e+00
0.000000000000000000e+00 2.140000000000000000e+02 2.000000000000000000e+03 2.000000000000000000e+03 1.000000000000000000e+00 6.000000000000000000e+02 0.000000000000000000e+00 0.000000000000000000e+00 1.563295139672609768e-03 1.581464028106306614e+02 6.715346191534210618e+01 0.000000000000000000e+00
0.000000000000000000e+00 2.150000000000000000e+02 2.000000000000000000e+03 2.000000000000000000e+03 1.000000000000000000e+00 1.800000000000000000e+02 0.000000000000000000e+00 0.000000000000000000e+00 1.488403652161974502e-03 4.216573810834919982e+02 1.790477202053044721e+02 0.000000000000000000e+00
0.000000000000000000e+00 2.160000000000000000e+02 2.000000000000000000e+03 2.000000000000000000e+03 1.000000000000000000e+00 1.200000000000000000e+02 0.000000000000000000e+00 0.000000000000000000e+00 1.650549901073414955e-03 6.084577891838016512e+02 2.583684879761365778e+02 0.000000000000000000e+00
0.000000000000000000e+00 2.170000000000000000e+02 2.000000000000000000e+03 2.000000000000000000e+03 1.000000000000000000e+00 5.400000000000000000e+02 0.000000000000000000e+00 0.000000000000000000e+00 1.544896577828386514e-03 1.717377441889143483e+02 7.292473213966638923e+01 0.000000000000000000e+00
0.000000000000000000e+00 2.180000000000000000e+02 1.000000000000000000e+02 1.000000000000000000e+02 1.000000000000000000e+00 4.800000000000000000e+02 0.000000000000000000e+00 0.000000000000000000e+00 7.716992749414146183e-04 3.962229471261653035e+00 1.682475359346774058e+00 0.000000000000000000e+00
0.000000000000000000e+00 2.190000000000000000e+02 1.000000000000000000e+02 1.000000000000000000e+02 1.000000000000000000e+00 4.200000000000000000e+02 0.000000000000000000e+00 0.000000000000000000e+00 9.592155909415313667e-03 4.173821314099389390e+00 1.772323275626067618e+00 0.000000000000000000e+00
0.000000000000000000e+00 2.200000000000000000e+02 1.000000000000000000e+02 1.000000000000000000e+02 1.000000000000000000e+00 3.600000000000000000e+02 0.000000000000000000e+00 0.000000000000000000e+00 3.010427868785460828e-02 4.540808807699856509e+00 1.928156606241977267e+00 0.000000000000000000e+00
0.000000000000000000e+00 2.210000000000000000e+02 1.000000000000000000e+02 1.000000000000000000e+02 1.000000000000000000e+00 6.000000000000000000e+01 0.000000000000000000e+00 0.000000000000000000e+00 1.120761165861618031e-01 1.526082538396008204e+01 6.480180630131669339e+00 0.000000000000000000e+00
0.000000000000000000e+00 2.220000000000000000e+02 1.000000000000000000e+02 1.000000000000000000e+02 1.000000000000000000e+00 3.000000000000000000e+02 0.000000000000000000e+00 0.000000000000000000e+00 6.244379673558552585e-02 5.052531071996079426e+00 2.145448438214895948e+00 0.000000000000000000e+00
0.000000000000000000e+00 2.230000000000000000e+02 1.000000000000000000e+02 1.000000000000000000e+02 1.000000000000000000e+00 2.400000000000000000e+02 0.000000000000000000e+00 0.000000000000000000e+00 9.513623049482944349e-02 5.658636510199364977e+00 2.402818051040070291e+00 0.000000000000000000e+00
0.000000000000000000e+00 2.240000000000000000e+02 1.000000000000000000e+02 1.000000000000000000e+02 1.000000000000000000e+00 1.200000000000000000e+02 0.000000000000000000e+00 0.000000000000000000e+00 1.200608159857167595e-01 9.146286551876412929e+00 3.883773482750069395e+00 0.000000000000000000e+00
0.000000000000000000e+00 2.250000000000000000e+02 1.000000000000000000e+02 1.000000000000000000e+02 1.000000000000000000e+00 1.800000000000000000e+02 0.000000000000000000e+00 0.000000000000000000e+00 1.180246550221422941e-01 6.849570201951227233e+00 2.908522378747867343e+00 0.000000000000000000e+00
0.000000000000000000e+00 2.260000000000000000e+02 1.000000000000000000e+02 1.000000000000000000e+02 1.000000000000000000e+00 6.000000000000000000e+02 0.000000000000000000e+00 0.000000000000000000e+00 nan 3.863583864178240290e+00 1.640587628101163542e+00 0.000000000000000000e+00
0.000000000000000000e+00 2.270000000000000000e+02 1.000000000000000000e+02 1.000000000000000000e+02 1.000000000000000000e+00 5.400000000000000000e+02 0.000000000000000000e+00 0.000000000000000000e+00 nan 3.871188795093904123e+00 1.643816898129046411e+00 0.000000000000000000e+00
0.000000000000000000e+00 2.280000000000000000e+02 1.000000000000000000e+03 1.000000000000000000e+03 1.000000000000000000e+00 4.800000000000000000e+02 0.000000000000000000e+00 0.000000000000000000e+00 2.220092766126240472e-03 7.152678950003861758e+01 3.037230976647074954e+01 0.000000000000000000e+00
0.000000000000000000e+00 2.290000000000000000e+02 1.000000000000000000e+03 1.000000000000000000e+03 1.000000000000000000e+00 4.200000000000000000e+02 0.000000000000000000e+00 0.000000000000000000e+00 2.208833824693868207e-03 7.972318228396770223e+01 3.385273133077184582e+01 0.000000000000000000e+00
0.000000000000000000e+00 2.300000000000000000e+02 1.000000000000000000e+03 1.000000000000000000e+03 1.000000000000000000e+00 3.600000000000000000e+02 0.000000000000000000e+00 0.000000000000000000e+00 2.167246608186992798e-03 8.988316907250226961e+01 3.816695077388631319e+01 0.000000000000000000e+00
0.000000000000000000e+00 2.310000000000000000e+02 1.000000000000000000e+03 1.000000000000000000e+03 1.000000000000000000e+00 6.000000000000000000e+01 0.000000000000000000e+00 0.000000000000000000e+00 2.692983677347556004e-03 4.206427322520132179e+02 1.786168714445915953e+02 0.000000000000000000e+00
0.000000000000000000e+00 2.320000000000000000e+02 1.000000000000000000e+03 1.000000000000000000e+03 1.000000000000000000e+00 3.000000000000000000e+02 0.000000000000000000e+00 0.000000000000000000e+00 2.111546356427538261e-03 1.034874974339710576e+02 4.394373564075203831e+01 0.000000000000000000e+00
0.000000000000000000e+00 2.330000000000000000e+02 1.000000000000000000e+03 1.000000000000000000e+03 1.000000000000000000e+00 2.400000000000000000e+02 0.000000000000000000e+00 0.000000000000000000e+00 2.059070471881579469e-03 1.234127161785907703e+02 5.240455039430605666e+01 0.000000000000000000e+00
0.000000000000000000e+00 2.340000000000000000e+02 1.000000000000000000e+03 1.000000000000000000e+03 1.000000000000000000e+00 6.000000000000000000e+02 0.000000000000000000e+00 0.000000000000000000e+00 2.097637483131736726e-03 5.852162120078579477e+01 2.484994530818929803e+01 0.000000000000000000e+00
0.000000000000000000e+00 2.350000000000000000e+02 1.000000000000000000e+03 1.000000000000000000e+03 1.000000000000000000e+00 1.800000000000000000e+02 0.000000000000000000e+00 0.000000000000000000e+00 2.038833825802670915e-03 1.563166145902217465e+02 6.637648177928736004e+01 0.000000000000000000e+00
0.000000000000000000e+00 2.360000000000000000e+02 1.000000000000000000e+03 1.000000000000000000e+03 1.000000000000000000e+00 1.200000000000000000e+02 0.000000000000000000e+00 0.000000000000000000e+00 2.127305276051474122e-03 2.221449471779561691e+02 9.432906461908966378e+01 0.000000000000000000e+00
0.000000000000000000e+00 2.370000000000000000e+02 1.000000000000000000e+03 1.000000000000000000e+03 1.000000000000000000e+00 5.400000000000000000e+02 0.000000000000000000e+00 0.000000000000000000e+00 2.182258282191038186e-03 6.447072432158708466e+01 2.737610374589685236e+01 0.000000000000000000e+00
0.000000000000000000e+00 2.380000000000000000e+02 6.000000000000000000e+01 6.000000000000000000e+01 1.000000000000000000e+00 4.800000000000000000e+02 0.000000000000000000e+00 0.000000000000000000e+00 nan 2.076692591885374028e+00 8.818227566392246031e-01 0.000000000000000000e+00
0.000000000000000000e+00 2.390000000000000000e+02 6.000000000000000000e+01 6.000000000000000000e+01 1.000000000000000000e+00 4.200000000000000000e+02 0.000000000000000000e+00 0.000000000000000000e+00 nan 2.073770147561259325e+00 8.805818036353543210e-01 0.000000000000000000e+00
0.000000000000000000e+00 2.400000000000000000e+02 6.000000000000000000e+01 6.000000000000000000e+01 1.000000000000000000e+00 3.600000000000000000e+02 0.000000000000000000e+00 0.000000000000000000e+00 4.808360106306244428e-03 2.162985304267322384e+00 9.184650973534277396e-01 0.000000000000000000e+00
0.000000000000000000e+00 2.410000000000000000e+02 6.000000000000000000e+01 6.000000000000000000e+01 1.000000000000000000e+00 3.000000000000000000e+02 0.000000000000000000e+00 0.000000000000000000e+00 4.546636831808632123e-02 2.394131406184409450e+00 1.016616308358560206e+00 0.000000000000000000e+00
0.000000000000000000e+00 2.420000000000000000e+02 6.000000000000000000e+01 6.000000000000000000e+01 1.000000000000000000e+00 2.400000000000000000e+02 0.000000000000000000e+00 0.000000000000000000e+00 1.340964258516371688e-01 2.789181096725796394e+00 1.184365646168066499e+00 0.000000000000000000e+00
0.000000000000000000e+00 2.430000000000000000e+02 6.000000000000000000e+01 6.000000000000000000e+01 1.000000000000000000e+00 1.800000000000000000e+02 0.000000000000000000e+00 0.000000000000000000e+00 2.338753678479215947e-01 3.297028148169019790e+00 1.400011952513384283e+00 0.000000000000000000e+00
0.000000000000000000e+00 2.440000000000000000e+02 6.000000000000000000e+01 6.000000000000000000e+01 1.000000000000000000e+00 1.200000000000000000e+02 0.000000000000000000e+00 0.000000000000000000e+00 2.888713138291003624e-01 4.472719681830958471e+00 1.899244026255184181e+00 0.000000000000000000e+00
0.000000000000000000e+00 2.450000000000000000e+02 6.000000000000000000e+01 6.000000000000000000e+01 1.000000000000000000e+00 6.000000000000000000e+01 0.000000000000000000e+00 0.000000000000000000e+00 2.686886417365531576e-01 7.435202087130193149e+00 3.157198338484158651e+00 0.000000000000000000e+00
0.000000000000000000e+00 2.460000000000000000e+02 6.000000000000000000e+03 6.000000000000000000e+03 1.000000000000000000e+00 4.800000000000000000e+02 0.000000000000000000e+00 0.000000000000000000e+00 8.321436835107584411e-04 8.736137028139177119e+02 3.709612326173748329e+02 0.000000000000000000e+00
0.000000000000000000e+00 2.470000000000000000e+02 6.000000000000000000e+03 6.000000000000000000e+03 1.000000000000000000e+00 6.000000000000000000e+02 0.000000000000000000e+00 0.000000000000000000e+00 8.420980619760234888e-04 7.284251980532602602e+02 3.093100628676264137e+02 0.000000000000000000e+00
0.000000000000000000e+00 2.480000000000000000e+02 6.000000000000000000e+03 6.000000000000000000e+03 1.000000000000000000e+00 4.200000000000000000e+02 0.000000000000000000e+00 0.000000000000000000e+00 8.335360959909908279e-04 9.771392470275424103e+02 4.149211240032027490e+02 0.000000000000000000e+00
0.000000000000000000e+00 2.490000000000000000e+02 6.000000000000000000e+03 6.000000000000000000e+03 1.000000000000000000e+00 5.400000000000000000e+02 0.000000000000000000e+00 0.000000000000000000e+00 8.356081193866599002e-04 7.930353194466832747e+02 3.367453585760863461e+02 0.000000000000000000e+00
0.000000000000000000e+00 2.500000000000000000e+02 5.000000000000000000e+02 5.000000000000000000e+02 1.000000000000000000e+00 4.800000000000000000e+02 0.000000000000000000e+00 0.000000000000000000e+00 5.811324758776848301e-03 2.631534462168454525e+01 1.117424400071530677e+01 0.000000000000000000e+00
0.000000000000000000e+00 2.510000000000000000e+02 5.000000000000000000e+02 5.000000000000000000e+02 1.000000000000000000e+00 4.200000000000000000e+02 0.000000000000000000e+00 0.000000000000000000e+00 6.327266120430609722e-03 2.963669808983018683e+01 1.258458517614869976e+01 0.000000000000000000e+00
0.000000000000000000e+00 2.520000000000000000e+02 5.000000000000000000e+02 5.000000000000000000e+02 1.000000000000000000e+00 3.600000000000000000e+02 0.000000000000000000e+00 0.000000000000000000e+00 6.629503570086099987e-03 3.407939649264829285e+01 1.447108131322645086e+01 0.000000000000000000e+00
0.000000000000000000e+00 2.530000000000000000e+02 5.000000000000000000e+02 5.000000000000000000e+02 1.000000000000000000e+00 6.000000000000000000e+01 0.000000000000000000e+00 0.000000000000000000e+00 7.006812012389178508e-03 1.521365352245810243e+02 6.460150115693461714e+01 0.000000000000000000e+00
0.000000000000000000e+00 2.540000000000000000e+02 5.000000000000000000e+02 5.000000000000000000e+02 1.000000000000000000e+00 3.000000000000000000e+02 0.000000000000000000e+00 0.000000000000000000e+00 6.636403514031320901e-03 3.962149756267546508e+01 1.682441510092376546e+01 0.000000000000000000e+00
0.000000000000000000e+00 2.550000000000000000e+02 5.000000000000000000e+02 5.000000000000000000e+02 1.000000000000000000e+00 2.400000000000000000e+02 0.000000000000000000e+00 0.000000000000000000e+00 6.450587262022538029e-03 4.709479461933443645e+01 1.999778964727576991e+01 0.000000000000000000e+00
0.000000000000000000e+00 2.560000000000000000e+02 5.000000000000000000e+02 5.000000000000000000e+02 1.000000000000000000e+00 6.000000000000000000e+02 0.000000000000000000e+00 0.000000000000000000e+00 4.394774993872428530e-03 2.212123451043761335e+01 9.393305524601959888e+00 0.000000000000000000e+00
0.000000000000000000e+00 2.570000000000000000e+02 5.000000000000000000e+02 5.000000000000000000e+02 1.000000000000000000e+00 1.800000000000000000e+02 0.000000000000000000e+00 0.000000000000000000e+00 6.214531799928092216e-03 5.892362104067660056e+01 2.502064587714505350e+01 0.000000000000000000e+00
0.000000000000000000e+00 2.580000000000000000e+02 5.000000000000000000e+02 5.000000000000000000e+02 1.000000000000000000e+00 1.200000000000000000e+02 0.000000000000000000e+00 0.000000000000000000e+00 6.131435959549229320e-03 8.218345551413898420e+01 3.489743333933714808e+01 0.000000000000000000e+00
0.000000000000000000e+00 2.590000000000000000e+02 5.000000000000000000e+02 5.000000000000000000e+02 1.000000000000000000e+00 5.400000000000000000e+02 0.000000000000000000e+00 0.000000000000000000e+00 5.152914122457568150e-03 2.390701142088061815e+01 1.015159720631873341e+01 0.000000000000000000e+00
0.000000000000000000e+00 2.600000000000000000e+02 8.000000000000000000e+00 8.000000000000000000e+00 1.000000000000000000e+00 1.200000000000000000e+02 0.000000000000000000e+00 0.000000000000000000e+00 3.253036016713265616e-02 2.326865647574133666e-01 9.880533535346640306e-02 0.000000000000000000e+00
0.000000000000000000e+00 2.610000000000000000e+02 8.000000000000000000e+00 8.000000000000000000e+00 1.000000000000000000e+00 6.000000000000000000e+01 0.000000000000000000e+00 0.000000000000000000e+00 4.063599377684750658e-01 4.264323732114004284e-01 1.810753177118473167e-01 0.000000000000000000e+00
0.000000000000000000e+00 2.620000000000000000e+02 1.200000000000000000e+02 1.200000000000000000e+02 1.000000000000000000e+00 4.800000000000000000e+02 0.000000000000000000e+00 0.000000000000000000e+00 3.795907192914014031e-03 5.068435306553246811e+00 2.152201828685030627e+00 0.000000000000000000e+00
0.000000000000000000e+00 2.630000000000000000e+02 1.200000000000000000e+02 1.200000000000000000e+02 1.000000000000000000e+00 3.600000000000000000e+02 0.000000000000000000e+00 0.000000000000000000e+00 3.007426484697350161e-02 5.888172120318110991e+00 2.500285401408964159e+00 0.000000000000000000e+00
0.000000000000000000e+00 2.640000000000000000e+02 1.200000000000000000e+02 1.200000000000000000e+02 1.000000000000000000e+00 2.400000000000000000e+02 0.000000000000000000e+00 0.000000000000000000e+00 6.863205237264503877e-02 7.276217159102774446e+00 3.089688814905636516e+00 0.000000000000000000e+00
0.000000000000000000e+00 2.650000000000000000e+02 1.200000000000000000e+02 1.200000000000000000e+02 1.000000000000000000e+00 1.200000000000000000e+02 0.000000000000000000e+00 0.000000000000000000e+00 7.774824390622256387e-02 1.175670158536650156e+01 4.992229972554778072e+00 0.000000000000000000e+00
0.000000000000000000e+00 2.660000000000000000e+02 1.200000000000000000e+02 1.200000000000000000e+02 1.000000000000000000e+00 6.000000000000000000e+02 0.000000000000000000e+00 0.000000000000000000e+00 nan 4.803191472608701496e+00 2.039571750576943288e+00 0.000000000000000000e+00
0.000000000000000000e+00 2.670000000000000000e+02 1.200000000000000000e+02 1.200000000000000000e+02 1.000000000000000000e+00 6.000000000000000000e+01 0.000000000000000000e+00 0.000000000000000000e+00 7.362395021085151037e-02 1.975436382022519766e+01 8.388264891815371271e+00 0.000000000000000000e+00
0.000000000000000000e+00 2.680000000000000000e+02 2.500000000000000000e+02 2.500000000000000000e+02 1.000000000000000000e+00 4.800000000000000000e+02 0.000000000000000000e+00 0.000000000000000000e+00 9.030399937217032866e-03 1.015997468679984372e+01 4.314214304373606979e+00 0.000000000000000000e+00
0.000000000000000000e+00 2.690000000000000000e+02 2.500000000000000000e+02 2.500000000000000000e+02 1.000000000000000000e+00 4.200000000000000000e+02 0.000000000000000000e+00 0.000000000000000000e+00 1.227317262960294329e-02 1.121077458509602565e+01 4.760413836558821998e+00 0.000000000000000000e+00
0.000000000000000000e+00 2.700000000000000000e+02 2.500000000000000000e+02 2.500000000000000000e+02 1.000000000000000000e+00 3.600000000000000000e+02 0.000000000000000000e+00 0.000000000000000000e+00 1.510344325035968896e-02 1.258735802653727376e+01 5.344950329739819317e+00 0.000000000000000000e+00
0.000000000000000000e+00 2.710000000000000000e+02 2.500000000000000000e+02 2.500000000000000000e+02 1.000000000000000000e+00 6.000000000000000000e+01 0.000000000000000000e+00 0.000000000000000000e+00 1.751481826898286520e-02 5.556408405109507953e+01 2.359409089218474875e+01 0.000000000000000000e+00
0.000000000000000000e+00 2.720000000000000000e+02 2.500000000000000000e+02 2.500000000000000000e+02 1.000000000000000000e+00 3.000000000000000000e+02 0.000000000000000000e+00 0.000000000000000000e+00 1.727055337325737044e-02 1.473575917255766399e+01 6.257222578580749150e+00 0.000000000000000000e+00
0.000000000000000000e+00 2.730000000000000000e+02 2.500000000000000000e+02 2.500000000000000000e+02 1.000000000000000000e+00 2.400000000000000000e+02 0.000000000000000000e+00 0.000000000000000000e+00 1.827876881458159741e-02 1.796799766682498145e+01 7.629723000774939479e+00 0.000000000000000000e+00
0.000000000000000000e+00 2.740000000000000000e+02 2.500000000000000000e+02 2.500000000000000000e+02 1.000000000000000000e+00 6.000000000000000000e+02 0.000000000000000000e+00 0.000000000000000000e+00 3.300840682997710235e-03 8.178794318706122723e+00 3.472948755289224199e+00 0.000000000000000000e+00
0.000000000000000000e+00 2.750000000000000000e+02 2.500000000000000000e+02 2.500000000000000000e+02 1.000000000000000000e+00 1.800000000000000000e+02 0.000000000000000000e+00 0.000000000000000000e+00 1.784366866090836279e-02 2.253952848443934798e+01 9.570925046471060682e+00 0.000000000000000000e+00
0.000000000000000000e+00 2.760000000000000000e+02 2.500000000000000000e+02 2.500000000000000000e+02 1.000000000000000000e+00 1.200000000000000000e+02 0.000000000000000000e+00 0.000000000000000000e+00 1.695301822640805575e-02 3.090327646552528051e+01 1.312241038875808030e+01 0.000000000000000000e+00
0.000000000000000000e+00 2.770000000000000000e+02 2.500000000000000000e+02 2.500000000000000000e+02 1.000000000000000000e+00 5.400000000000000000e+02 0.000000000000000000e+00 0.000000000000000000e+00 5.836834339293895876e-03 9.109566136763730171e+00 3.868180949793516010e+00 0.000000000000000000e+00
0.000000000000000000e+00 2.780000000000000000e+02 1.250000000000000000e+02 1.250000000000000000e+02 1.000000000000000000e+00 3.000000000000000000e+02 0.000000000000000000e+00 0.000000000000000000e+00 4.819327955086505355e-02 6.824852529199077367e+00 2.898026551676890605e+00 0.000000000000000000e+00
0.000000000000000000e+00 2.790000000000000000e+02 1.250000000000000000e+02 1.250000000000000000e+02 1.000000000000000000e+00 4.200000000000000000e+02 0.000000000000000000e+00 0.000000000000000000e+00 1.407677818517061308e-02 5.716485809163445175e+00 2.427382509198915184e+00 0.000000000000000000e+00
0.000000000000000000e+00 2.800000000000000000e+02 1.250000000000000000e+02 1.250000000000000000e+02 1.000000000000000000e+00 1.800000000000000000e+02 0.000000000000000000e+00 0.000000000000000000e+00 7.269940310529847405e-02 9.411807882131338232e+00 3.996521393686343071e+00 0.000000000000000000e+00
0.000000000000000000e+00 2.810000000000000000e+02 1.250000000000000000e+02 1.250000000000000000e+02 1.000000000000000000e+00 5.400000000000000000e+02 0.000000000000000000e+00 0.000000000000000000e+00 3.572802828154637779e-04 5.145060044386053910e+00 2.184738872350766137e+00 0.000000000000000000e+00
