# RunNumber Energy Ei Chopper Chopper1 Chopper2 Chopper3 Height FWHM Sigma Q
0.000000000000000000e+00 1.138430000000000000e+05 2.000000000000000000e+03 2.015132468594822967e+03 1.000000000000000000e+00 6.000000000000000000e+02 1.200000000000000000e+02 1.800000000000000000e+02 2.386493539817182168e-04 1.813619221735370957e+02 7.701143192082254529e+01 2.187263580163319787e+01
0.000000000000000000e+00 1.138440000000000000e+05 1.500000000000000000e+03 1.510410046963764216e+03 1.000000000000000000e+00 6.000000000000000000e+02 1.200000000000000000e+02 1.800000000000000000e+02 3.947159181460620182e-04 1.268744439449578749e+02 5.387449849042797467e+01 1.893743956089019775e+01
0.000000000000000000e+00 1.138450000000000000e+05 1.000000000000000000e+03 1.002919813403181365e+03 1.000000000000000000e+00 6.000000000000000000e+02 1.200000000000000000e+02 1.800000000000000000e+02 6.853994323181031387e-04 8.625110395267483909e+01 3.662467259136936093e+01 1.543707275390625000e+01
0.000000000000000000e+00 1.138460000000000000e+05 7.000000000000000000e+02 7.017855013703812119e+02 1.000000000000000000e+00 6.000000000000000000e+02 1.200000000000000000e+02 1.800000000000000000e+02 8.599146162721693978e-04 6.596783712881847350e+01 2.801182043686559453e+01 1.291363702217737774e+01
0.000000000000000000e+00 1.138470000000000000e+05 5.000000000000000000e+02 5.010970055837369728e+02 1.000000000000000000e+00 6.000000000000000000e+02 1.200000000000000000e+02 1.800000000000000000e+02 8.546314982248884393e-04 4.409653649136953391e+01 1.872464394537984589e+01 1.091242841879526715e+01
0.000000000000000000e+00 1.138480000000000000e+05 2.000000000000000000e+03 2.013925336290212954e+03 1.000000000000000000e+00 5.400000000000000000e+02 1.200000000000000000e+02 1.800000000000000000e+02 1.883712499322085312e-04 1.872950562749872461e+02 7.953080945859331052e+01 2.186727289358774939e+01
0.000000000000000000e+00 1.138490000000000000e+05 1.500000000000000000e+03 1.508545076900498316e+03 1.000000000000000000e+00 5.400000000000000000e+02 1.200000000000000000e+02 1.800000000000000000e+02 3.200183176893541372e-04 1.312434216903462811e+02 5.572969073900054582e+01 1.892786943912506104e+01
0.000000000000000000e+00 1.138500000000000000e+05 1.000000000000000000e+03 1.001929095177119734e+03 1.000000000000000000e+00 5.400000000000000000e+02 1.200000000000000000e+02 1.800000000000000000e+02 6.051443793107506202e-04 9.317940585147073307e+01 3.956662668852260367e+01 1.543083554506301880e+01
0.000000000000000000e+00 1.138510000000000000e+05 7.000000000000000000e+02 7.014839083089365204e+02 1.000000000000000000e+00 5.400000000000000000e+02 1.200000000000000000e+02 1.800000000000000000e+02 8.944075341733656462e-04 7.014839083089441374e+01 2.978700247596365713e+01 1.291136856873830219e+01
0.000000000000000000e+00 1.138520000000000000e+05 5.000000000000000000e+02 5.016835388664209177e+02 1.000000000000000000e+00 5.400000000000000000e+02 1.200000000000000000e+02 1.800000000000000000e+02 1.127438576250455477e-03 4.565320203684387934e+01 1.938564842328826998e+01 1.091764932870864868e+01
0.000000000000000000e+00 1.138530000000000000e+05 2.000000000000000000e+03 2.009172971578266470e+03 1.000000000000000000e+00 4.800000000000000000e+02 1.200000000000000000e+02 1.800000000000000000e+02 1.376069681165636104e-04 1.968989512146755487e+02 8.360889648181552047e+01 2.184614702065785607e+01
0.000000000000000000e+00 1.138540000000000000e+05 1.500000000000000000e+03 1.509846843057476235e+03 1.000000000000000000e+00 4.800000000000000000e+02 1.200000000000000000e+02 1.800000000000000000e+02 2.414444105236223401e-04 1.419256032474065705e+02 6.026564893732763295e+01 1.893454964955647668e+01
0.000000000000000000e+00 1.138550000000000000e+05 1.000000000000000000e+03 1.000847370434638719e+03 1.000000000000000000e+00 4.800000000000000000e+02 1.200000000000000000e+02 1.800000000000000000e+02 5.084669011635440218e-04 9.307880545042303311e+01 3.952390889614566305e+01 1.542402241627375226e+01
0.000000000000000000e+00 1.138560000000000000e+05 7.000000000000000000e+02 7.019088180221267521e+02 1.000000000000000000e+00 4.800000000000000000e+02 1.200000000000000000e+02 1.800000000000000000e+02 8.759149695537770969e-04 6.668133771209994620e+01 2.831479308369424430e+01 1.291456600030263324e+01
0.000000000000000000e+00 1.138570000000000000e+05 5.000000000000000000e+02 5.014609105367749180e+02 1.000000000000000000e+00 4.800000000000000000e+02 1.200000000000000000e+02 1.800000000000000000e+02 1.298735503792305696e-03 4.613440376938228837e+01 1.958998036916445429e+01 1.091566755374272724e+01
0.000000000000000000e+00 1.138580000000000000e+05 2.000000000000000000e+03 2.007289021965144229e+03 1.000000000000000000e+00 4.200000000000000000e+02 1.200000000000000000e+02 1.800000000000000000e+02 1.056058493494790027e-04 2.067507692624060383e+02 8.779225871015118798e+01 2.183776648839314660e+01
0.000000000000000000e+00 1.138590000000000000e+05 1.500000000000000000e+03 1.500335783195295562e+03 1.000000000000000000e+00 4.200000000000000000e+02 1.200000000000000000e+02 1.800000000000000000e+02 1.635798792687777824e-04 1.500335783195282602e+02 6.370852582570201861e+01 1.888568131128947059e+01
0.000000000000000000e+00 1.138600000000000000e+05 1.000000000000000000e+03 1.003469921144452542e+03 1.000000000000000000e+00 4.200000000000000000e+02 1.200000000000000000e+02 1.800000000000000000e+02 3.764530508298443573e-04 9.432617258758028811e+01 4.005357647031009805e+01 1.544053469101587872e+01
0.000000000000000000e+00 1.138610000000000000e+05 7.000000000000000000e+02 7.018739490171439002e+02 1.000000000000000000e+00 4.200000000000000000e+02 1.200000000000000000e+02 1.800000000000000000e+02 7.143418817360823242e-04 6.808177305466546159e+01 2.890945777268172634e+01 1.291430282592773438e+01
0.000000000000000000e+00 1.138620000000000000e+05 5.000000000000000000e+02 5.013027346143991849e+02 1.000000000000000000e+00 4.200000000000000000e+02 1.200000000000000000e+02 1.800000000000000000e+02 1.251473743426780982e-03 4.762375978836786317e+01 2.022240330716257617e+01 1.091425907611846924e+01
0.000000000000000000e+00 1.138630000000000000e+05 2.000000000000000000e+03 2.011073556064792911e+03 1.000000000000000000e+00 3.600000000000000000e+02 1.200000000000000000e+02 1.800000000000000000e+02 7.093464689911542021e-05 2.373066796156514329e+02 1.007671675650324516e+02 2.185459792613983154e+01
0.000000000000000000e+00 1.138640000000000000e+05 1.500000000000000000e+03 1.493900542286446353e+03 1.000000000000000000e+00 3.600000000000000000e+02 1.200000000000000000e+02 1.800000000000000000e+02 1.139756298289994120e-04 1.583534574823686398e+02 6.724138321968943899e+01 1.885254184405009070e+01
0.000000000000000000e+00 1.138650000000000000e+05 1.000000000000000000e+03 1.005717804766723702e+03 1.000000000000000000e+00 3.600000000000000000e+02 1.200000000000000000e+02 1.800000000000000000e+02 2.512877277054975265e-04 9.554319145283955095e+01 4.057035730481509717e+01 1.545467293262481689e+01
0.000000000000000000e+00 1.138660000000000000e+05 7.000000000000000000e+02 7.022956027265513512e+02 1.000000000000000000e+00 3.600000000000000000e+02 1.200000000000000000e+02 1.800000000000000000e+02 5.172658861516461369e-04 7.022956027265649936e+01 2.982146933021507351e+01 1.291747548182805438e+01
0.000000000000000000e+00 1.138670000000000000e+05 5.000000000000000000e+02 5.003630752064393050e+02 1.000000000000000000e+00 3.600000000000000000e+02 1.200000000000000000e+02 1.800000000000000000e+02 1.029892660449266374e-03 4.903558137023219388e+01 2.082190291729604681e+01 1.090589024623235126e+01
0.000000000000000000e+00 1.138680000000000000e+05 2.000000000000000000e+03 1.984090115254893590e+03 1.000000000000000000e+00 3.000000000000000000e+02 1.200000000000000000e+02 1.800000000000000000e+02 5.203661793349820838e-05 2.321385434848168643e+02 9.857262992985853600e+01 2.173429449399312219e+01
0.000000000000000000e+00 1.138690000000000000e+05 1.500000000000000000e+03 1.490932959887388733e+03 1.000000000000000000e+00 3.000000000000000000e+02 1.200000000000000000e+02 1.800000000000000000e+02 7.656717590381873330e-05 1.759300892667067728e+02 7.470492113235955856e+01 1.883723851044972619e+01
0.000000000000000000e+00 1.138700000000000000e+05 1.000000000000000000e+03 9.937805881410455413e+02 1.000000000000000000e+00 3.000000000000000000e+02 1.200000000000000000e+02 1.800000000000000000e+02 1.434539545467316255e-04 1.093158646955123459e+02 4.641862619766978781e+01 1.537943766514460187e+01
0.000000000000000000e+00 1.138710000000000000e+05 7.000000000000000000e+02 7.058300896505460287e+02 1.000000000000000000e+00 3.000000000000000000e+02 1.200000000000000000e+02 1.800000000000000000e+02 3.108116664578248296e-04 7.128883905470382842e+01 3.027126923766616784e+01 1.294403203328450580e+01
0.000000000000000000e+00 1.138720000000000000e+05 5.000000000000000000e+02 5.006636592969102253e+02 1.000000000000000000e+00 3.000000000000000000e+02 1.200000000000000000e+02 1.800000000000000000e+02 6.708422903847178435e-04 5.106769324828570689e+01 2.168479543451622504e+01 1.090856907765070538e+01
0.000000000000000000e+00 1.138730000000000000e+05 2.000000000000000000e+03 2.060555862724357667e+03 1.000000000000000000e+00 2.400000000000000000e+02 1.200000000000000000e+02 1.800000000000000000e+02 3.921475232022720052e-05 2.658117062914493545e+02 1.128712128626111877e+02 2.207345052560170373e+01
0.000000000000000000e+00 1.138740000000000000e+05 1.500000000000000000e+03 1.565787632097893265e+03 1.000000000000000000e+00 2.400000000000000000e+02 1.200000000000000000e+02 1.800000000000000000e+02 5.362670209187564939e-05 1.675392766344762094e+02 7.114194336920434125e+01 1.921938312053680420e+01
0.000000000000000000e+00 1.138750000000000000e+05 1.000000000000000000e+03 9.889124205855018772e+02 1.000000000000000000e+00 2.400000000000000000e+02 1.200000000000000000e+02 1.800000000000000000e+02 8.818594947260237121e-05 1.226251401526028530e+02 5.207012320705004527e+01 1.534864572683970074e+01
0.000000000000000000e+00 1.138760000000000000e+05 7.000000000000000000e+02 7.013974502007928322e+02 1.000000000000000000e+00 2.400000000000000000e+02 1.200000000000000000e+02 1.800000000000000000e+02 1.594404289228406365e-04 8.206350167349040703e+01 3.484649752589826477e+01 1.291071710983912091e+01
0.000000000000000000e+00 1.138770000000000000e+05 5.000000000000000000e+02 5.016751901855247979e+02 1.000000000000000000e+00 2.400000000000000000e+02 1.200000000000000000e+02 1.800000000000000000e+02 3.298217742694743260e-04 5.568594611059305066e+01 2.364583698963611624e+01 1.091757506132125854e+01
0.000000000000000000e+00 1.138780000000000000e+05 2.000000000000000000e+03 2.029072342138899785e+03 1.000000000000000000e+00 1.800000000000000000e+02 1.200000000000000000e+02 1.800000000000000000e+02 2.778781641859741678e-05 2.800119832151646051e+02 1.189010544438066290e+02 2.193446493148803711e+01
0.000000000000000000e+00 1.138790000000000000e+05 1.500000000000000000e+03 1.606004590796294906e+03 1.000000000000000000e+00 1.800000000000000000e+02 1.200000000000000000e+02 1.800000000000000000e+02 3.772988330090427988e-05 2.184166243482914069e+02 9.274591267443372544e+01 1.942149213949839393e+01
0.000000000000000000e+00 1.138800000000000000e+05 1.000000000000000000e+03 1.001956423181188256e+03 1.000000000000000000e+00 1.800000000000000000e+02 1.200000000000000000e+02 1.800000000000000000e+02 6.177786097582744509e-05 1.202347707817420996e+02 5.105510436592021506e+01 1.543100754419962506e+01
0.000000000000000000e+00 1.138810000000000000e+05 7.000000000000000000e+02 7.136438204569387835e+02 1.000000000000000000e+00 1.800000000000000000e+02 1.200000000000000000e+02 1.800000000000000000e+02 9.075214409227137324e-05 8.563725845483077137e+01 3.636401632901519321e+01 1.300254489978154560e+01
0.000000000000000000e+00 1.138820000000000000e+05 5.000000000000000000e+02 5.110676794789092696e+02 1.000000000000000000e+00 1.800000000000000000e+02 1.200000000000000000e+02 1.800000000000000000e+02 1.547677787939199146e-04 5.723958010163823928e+01 2.430555418328587791e+01 1.100083710749944110e+01
0.000000000000000000e+00 1.138830000000000000e+05 2.000000000000000000e+03 1.528437939710288219e+03 1.000000000000000000e+00 1.200000000000000000e+02 1.200000000000000000e+02 1.800000000000000000e+02 2.396702713398089665e-05 1.711850492475568899e+02 7.269004214333625669e+01 1.958672416210174561e+01
0.000000000000000000e+00 1.138840000000000000e+05 1.500000000000000000e+03 1.557492017804102034e+03 1.000000000000000000e+00 1.200000000000000000e+02 1.200000000000000000e+02 1.800000000000000000e+02 1.869448057606811771e-05 2.507562148664545703e+02 1.064782228732291145e+02 1.917742073535919189e+01
0.000000000000000000e+00 1.138850000000000000e+05 1.000000000000000000e+03 1.070546189490625466e+03 1.000000000000000000e+00 1.200000000000000000e+02 1.200000000000000000e+02 1.800000000000000000e+02 3.699778277352746620e-05 1.295360889283676897e+02 5.500470867446610868e+01 1.585682547092437744e+01
0.000000000000000000e+00 1.138860000000000000e+05 7.000000000000000000e+02 7.118364731212395782e+02 1.000000000000000000e+00 1.200000000000000000e+02 1.200000000000000000e+02 1.800000000000000000e+02 5.081521904853997479e-05 9.253874150576280044e+01 3.929458238036637141e+01 1.298903501033782959e+01
0.000000000000000000e+00 1.138870000000000000e+05 5.000000000000000000e+02 5.088513948666188185e+02 1.000000000000000000e+00 1.200000000000000000e+02 1.200000000000000000e+02 1.800000000000000000e+02 9.111670246087635937e-05 6.106216738399325550e+01 2.592873349638779601e+01 1.098124921321868896e+01
0.000000000000000000e+00 1.138880000000000000e+05 4.000000000000000000e+02 4.005988899948336552e+02 1.000000000000000000e+00 6.000000000000000000e+02 1.200000000000000000e+02 1.500000000000000000e+02 6.630023865482818739e-04 3.244851008958082161e+01 1.377856054759270599e+01 9.757597406705221132e+00
0.000000000000000000e+00 1.138890000000000000e+05 3.000000000000000000e+02 3.007851387777540140e+02 1.000000000000000000e+00 6.000000000000000000e+02 1.200000000000000000e+02 1.500000000000000000e+02 2.933759268047227186e-04 1.353533124499833207e+01 5.747486728237083398e+00 8.454189310471216245e+00
0.000000000000000000e+00 1.138900000000000000e+05 2.500000000000000000e+02 2.491061064227706083e+02 1.000000000000000000e+00 6.000000000000000000e+02 1.200000000000000000e+02 1.500000000000000000e+02 2.099912333328365617e-04 1.096066868260197680e+01 4.654211754820372526e+00 7.698066304127375581e+00
0.000000000000000000e+00 1.138910000000000000e+05 2.000000000000000000e+02 2.004197989957931441e+02 1.000000000000000000e+00 6.000000000000000000e+02 1.200000000000000000e+02 1.500000000000000000e+02 2.173152260865498608e-04 6.613853366861263794e+00 2.808430304399687216e+00 6.901357640822728179e+00
0.000000000000000000e+00 1.138920000000000000e+05 4.000000000000000000e+02 4.002926277487780453e+02 1.000000000000000000e+00 5.400000000000000000e+02 1.200000000000000000e+02 1.500000000000000000e+02 1.127681935859853324e-03 3.202341021990150693e+01 1.359805104879044890e+01 9.754547198613485293e+00
0.000000000000000000e+00 1.138930000000000000e+05 3.000000000000000000e+02 3.001044230389554173e+02 1.000000000000000000e+00 5.400000000000000000e+02 1.200000000000000000e+02 1.500000000000000000e+02 7.324025490266336709e-04 1.260438576763630181e+01 5.352180793051508623e+00 8.446361839771270752e+00
0.000000000000000000e+00 1.138940000000000000e+05 2.500000000000000000e+02 2.513995860673005893e+02 1.000000000000000000e+00 5.400000000000000000e+02 1.200000000000000000e+02 1.500000000000000000e+02 4.093858246750233226e-04 9.804583856624446980e+00 4.163305246974287499e+00 7.726961215337117217e+00
0.000000000000000000e+00 1.138950000000000000e+05 2.000000000000000000e+02 2.003013481549460550e+02 1.000000000000000000e+00 5.400000000000000000e+02 1.200000000000000000e+02 1.500000000000000000e+02 2.743366515667151027e-04 7.010547185423305905e+00 2.976877785742380489e+00 6.899689863125483491e+00
0.000000000000000000e+00 1.138960000000000000e+05 4.000000000000000000e+02 4.007695394595286302e+02 1.000000000000000000e+00 4.800000000000000000e+02 1.200000000000000000e+02 1.500000000000000000e+02 1.561658028847743261e-03 3.246233269622206308e+01 1.378443001962720338e+01 9.759296456972757383e+00
0.000000000000000000e+00 1.138970000000000000e+05 3.000000000000000000e+02 3.003582825562612015e+02 1.000000000000000000e+00 4.800000000000000000e+02 1.200000000000000000e+02 1.500000000000000000e+02 1.583908319672645967e-03 1.201433130225041168e+01 5.101626879936480563e+00 8.449281762043634458e+00
0.000000000000000000e+00 1.138980000000000000e+05 2.500000000000000000e+02 2.500463520128685673e+02 1.000000000000000000e+00 4.800000000000000000e+02 1.200000000000000000e+02 1.500000000000000000e+02 1.222398221351753741e-03 9.001668672463438270e+00 3.822364616757298439e+00 7.709925830364227295e+00
0.000000000000000000e+00 1.138990000000000000e+05 2.000000000000000000e+02 1.999008028184769898e+02 1.000000000000000000e+00 4.800000000000000000e+02 1.200000000000000000e+02 1.500000000000000000e+02 6.066374470729416412e-04 6.796627295828187698e+00 2.886041314576725192e+00 6.894046773513157866e+00
0.000000000000000000e+00 1.139000000000000000e+05 4.000000000000000000e+02 4.007531717417506911e+02 1.000000000000000000e+00 4.200000000000000000e+02 1.200000000000000000e+02 1.500000000000000000e+02 1.817594530378757907e-03 3.326251325456448171e+01 1.412420944992122429e+01 9.759133597215017275e+00
0.000000000000000000e+00 1.139010000000000000e+05 3.000000000000000000e+02 3.000649931173409186e+02 1.000000000000000000e+00 4.200000000000000000e+02 1.200000000000000000e+02 1.500000000000000000e+02 2.397242185944852780e-03 1.290279470404524886e+01 5.478893717216665848e+00 8.445908407370248838e+00
0.000000000000000000e+00 1.139020000000000000e+05 2.500000000000000000e+02 2.500284469270574732e+02 1.000000000000000000e+00 4.200000000000000000e+02 1.200000000000000000e+02 1.500000000000000000e+02 2.575627220145369854e-03 9.251052536301244800e+00 3.928260100340231542e+00 7.709700415531794526e+00
0.000000000000000000e+00 1.139030000000000000e+05 2.000000000000000000e+02 2.000628194276906129e+02 1.000000000000000000e+00 4.200000000000000000e+02 1.200000000000000000e+02 1.500000000000000000e+02 2.173803227804930495e-03 6.802135860541312695e+00 2.888380407873168743e+00 6.896330187718073823e+00
0.000000000000000000e+00 1.139040000000000000e+05 4.000000000000000000e+02 4.002384171199561251e+02 1.000000000000000000e+00 3.600000000000000000e+02 1.200000000000000000e+02 1.500000000000000000e+02 1.645933363493006559e-03 3.562121912367689447e+01 1.512578306737872325e+01 9.754007120927175478e+00
0.000000000000000000e+00 1.139050000000000000e+05 3.000000000000000000e+02 3.002027985803877641e+02 1.000000000000000000e+00 3.600000000000000000e+02 1.200000000000000000e+02 1.500000000000000000e+02 2.804660098435596098e-03 1.410953153327815812e+01 5.991308506699854597e+00 8.447493453820547060e+00
0.000000000000000000e+00 1.139060000000000000e+05 2.500000000000000000e+02 2.503002472964335539e+02 1.000000000000000000e+00 3.600000000000000000e+02 1.200000000000000000e+02 1.500000000000000000e+02 3.635952193723590575e-03 1.026231013915389667e+01 4.357668848897620961e+00 7.713125228881835938e+00
0.000000000000000000e+00 1.139070000000000000e+05 2.000000000000000000e+02 2.000499444554635602e+02 1.000000000000000000e+00 3.600000000000000000e+02 1.200000000000000000e+02 1.500000000000000000e+02 4.563708207016173822e-03 7.201798000396479438e+00 3.058088322885978538e+00 6.896148443222045898e+00
0.000000000000000000e+00 1.139080000000000000e+05 4.000000000000000000e+02 4.015292249639036299e+02 1.000000000000000000e+00 3.000000000000000000e+02 1.200000000000000000e+02 1.500000000000000000e+02 1.179616889210418056e-03 3.854680559653388627e+01 1.636807031699952830e+01 9.766856829325357481e+00
0.000000000000000000e+00 1.139090000000000000e+05 3.000000000000000000e+02 3.009234524014790964e+02 1.000000000000000000e+00 3.000000000000000000e+02 1.200000000000000000e+02 1.500000000000000000e+02 2.380668428931775795e-03 1.474524916767308014e+01 6.261252300498123091e+00 8.455778906742731138e+00
0.000000000000000000e+00 1.139100000000000000e+05 2.500000000000000000e+02 2.505141673108693112e+02 1.000000000000000000e+00 3.000000000000000000e+02 1.200000000000000000e+02 1.500000000000000000e+02 3.637974644398624720e-03 1.102262336167818546e+01 4.680519474173327588e+00 7.715819090604782104e+00
0.000000000000000000e+00 1.139110000000000000e+05 2.000000000000000000e+02 2.001784945788293726e+02 1.000000000000000000e+00 3.000000000000000000e+02 1.200000000000000000e+02 1.500000000000000000e+02 5.941503494380777524e-03 7.606782793995762404e+00 3.230056388108604182e+00 6.897959540287653901e+00
0.000000000000000000e+00 1.139120000000000000e+05 4.000000000000000000e+02 4.014104530984208736e+02 1.000000000000000000e+00 2.400000000000000000e+02 1.200000000000000000e+02 1.500000000000000000e+02 6.206744737881421696e-04 4.174668712223433431e+01 1.772683104978103330e+01 9.765675048033395811e+00
0.000000000000000000e+00 1.139130000000000000e+05 3.000000000000000000e+02 3.006487827400347328e+02 1.000000000000000000e+00 2.400000000000000000e+02 1.200000000000000000e+02 1.500000000000000000e+02 1.453656580175001142e-03 1.773827818166239467e+01 7.532177571831165430e+00 8.452621867259344057e+00
0.000000000000000000e+00 1.139140000000000000e+05 2.500000000000000000e+02 2.500829373447054138e+02 1.000000000000000000e+00 2.400000000000000000e+02 1.200000000000000000e+02 1.500000000000000000e+02 2.449074712249686616e-03 1.225406392989032156e+01 5.203424174051091811e+00 7.710387070973713897e+00
0.000000000000000000e+00 1.139150000000000000e+05 2.000000000000000000e+02 2.002446974664384527e+02 1.000000000000000000e+00 2.400000000000000000e+02 1.200000000000000000e+02 1.500000000000000000e+02 4.738469912367634929e-03 9.011011385990030931e+00 3.826331798721881672e+00 6.898891806602478027e+00
0.000000000000000000e+00 1.139160000000000000e+05 4.000000000000000000e+02 3.982976107557477690e+02 1.000000000000000000e+00 1.800000000000000000e+02 1.200000000000000000e+02 1.500000000000000000e+02 2.343632392982590974e-04 4.660082045842247567e+01 1.978803416493523315e+01 9.734652976195016905e+00
0.000000000000000000e+00 1.139170000000000000e+05 3.000000000000000000e+02 3.022389533347206907e+02 1.000000000000000000e+00 1.800000000000000000e+02 1.200000000000000000e+02 1.500000000000000000e+02 5.319575230306369243e-04 2.327239940677361574e+01 9.882122890349730682e+00 8.470880667368570371e+00
0.000000000000000000e+00 1.139180000000000000e+05 2.500000000000000000e+02 2.523733161681446120e+02 1.000000000000000000e+00 1.800000000000000000e+02 1.200000000000000000e+02 1.500000000000000000e+02 9.918894283620950658e-04 1.463765233775247054e+01 6.215563625372599432e+00 7.739195138216018677e+00
0.000000000000000000e+00 1.139190000000000000e+05 2.000000000000000000e+02 2.004288471986362765e+02 1.000000000000000000e+00 1.800000000000000000e+02 1.200000000000000000e+02 1.500000000000000000e+02 2.192542270060821377e-03 1.102358659592503898e+01 4.680928490838657474e+00 6.901485323905944824e+00
0.000000000000000000e+00 1.139200000000000000e+05 4.000000000000000000e+02 4.102776987794630372e+02 1.000000000000000000e+00 1.200000000000000000e+02 1.200000000000000000e+02 1.500000000000000000e+02 1.077518973935968026e-04 5.538748933522612106e+01 2.351910375168837319e+01 9.853490511576334043e+00
0.000000000000000000e+00 1.139210000000000000e+05 3.000000000000000000e+02 3.000000000000000000e+02 1.000000000000000000e+00 1.200000000000000000e+02 1.200000000000000000e+02 1.500000000000000000e+02 1.618567412142216089e-04 3.810000000000144382e+01 1.617834394904519968e+01 8.445160518089929624e+00
0.000000000000000000e+00 1.139220000000000000e+05 2.500000000000000000e+02 2.507286136170136217e+02 1.000000000000000000e+00 1.200000000000000000e+02 1.200000000000000000e+02 1.500000000000000000e+02 2.448421300702471057e-04 2.457140413446734328e+01 1.043371725455088850e+01 7.718519439299901030e+00
0.000000000000000000e+00 1.139230000000000000e+05 2.000000000000000000e+02 2.006950248275143736e+02 1.000000000000000000e+00 1.200000000000000000e+02 1.200000000000000000e+02 1.500000000000000000e+02 4.790875059195865543e-04 1.665768706068335803e+01 7.073327838931362521e+00 6.905231306950251557e+00
0.000000000000000000e+00 1.139240000000000000e+05 1.500000000000000000e+02 2.356854398037106364e+02 1.000000000000000000e+00 6.000000000000000000e+02 1.200000000000000000e+02 1.200000000000000000e+02 1.604392881930060397e-04 1.414112638822302870e+00 6.004724580986423588e-01 7.229547212521235444e+00
0.000000000000000000e+00 1.139250000000000000e+05 1.250000000000000000e+02 1.250000000000000000e+02 1.000000000000000000e+00 6.000000000000000000e+02 1.200000000000000000e+02 1.200000000000000000e+02 1.136223332737403555e-04 3.875000000000000000e+00 1.645435244161358890e+00 5.451327502727508545e+00
0.000000000000000000e+00 1.139260000000000000e+05 1.000000000000000000e+02 1.000000000000000000e+02 1.000000000000000000e+00 6.000000000000000000e+02 1.200000000000000000e+02 1.200000000000000000e+02 1.779318807379398962e-06 2.130000000000030269e+01 9.044585987261275051e+00 4.875815918048222564e+00
0.000000000000000000e+00 1.139270000000000000e+05 9.000000000000000000e+01 9.000000000000000000e+01 1.000000000000000000e+00 6.000000000000000000e+02 1.200000000000000000e+02 1.200000000000000000e+02 6.846453959658172519e-07 4.761000000000180421e+01 2.021656050955490613e+01 4.625605126221974395e+00
0.000000000000000000e+00 1.139280000000000000e+05 1.500000000000000000e+02 1.498160163218913681e+02 1.000000000000000000e+00 5.400000000000000000e+02 1.200000000000000000e+02 1.200000000000000000e+02 2.658659743875893349e-04 4.794112522300565615e+00 2.035716569979008739e+00 5.968635678291320801e+00
0.000000000000000000e+00 1.139290000000000000e+05 1.250000000000000000e+02 9.265453247183273788e+01 1.000000000000000000e+00 5.400000000000000000e+02 1.200000000000000000e+02 1.200000000000000000e+02 nan -1.000000000000000000e+00 -4.246284501061571293e-01 4.839049557844798066e+00
0.000000000000000000e+00 1.139300000000000000e+05 1.000000000000000000e+02 7.207163229662067749e+01 1.000000000000000000e+00 5.400000000000000000e+02 1.200000000000000000e+02 1.200000000000000000e+02 nan -1.000000000000000000e+00 -4.246284501061571293e-01 4.281599809726079009e+00
0.000000000000000000e+00 1.139310000000000000e+05 9.000000000000000000e+01 9.000000000000000000e+01 1.000000000000000000e+00 5.400000000000000000e+02 1.200000000000000000e+02 1.200000000000000000e+02 2.482996929623120598e-06 4.293000000000162686e+01 1.822929936305801490e+01 4.625605126221974395e+00
0.000000000000000000e+00 1.139320000000000000e+05 1.500000000000000000e+02 1.492178916943827858e+02 1.000000000000000000e+00 4.800000000000000000e+02 1.200000000000000000e+02 1.200000000000000000e+02 3.692560057680715027e-04 5.222626209303200540e+00 2.217675672740212711e+00 5.958890169858932495e+00
0.000000000000000000e+00 1.139330000000000000e+05 1.250000000000000000e+02 1.336147719517427390e+02 1.000000000000000000e+00 4.800000000000000000e+02 1.200000000000000000e+02 1.200000000000000000e+02 3.978264689971491635e-04 3.340369298793532948e+00 1.418415838128888717e+00 5.602709611256917022e+00
0.000000000000000000e+00 1.139340000000000000e+05 1.000000000000000000e+02 9.971016969979008593e+01 1.000000000000000000e+00 4.800000000000000000e+02 1.200000000000000000e+02 1.200000000000000000e+02 1.872717850769486849e-04 3.589566109192446675e+00 1.524231893499977453e+00 4.870036323865254424e+00
0.000000000000000000e+00 1.139350000000000000e+05 9.000000000000000000e+01 9.000000000000000000e+01 1.000000000000000000e+00 4.800000000000000000e+02 1.200000000000000000e+02 1.200000000000000000e+02 9.646477815728611539e-05 3.510000000000133014e+00 1.490445859872667977e+00 4.625605126221974395e+00
0.000000000000000000e+00 1.139360000000000000e+05 1.500000000000000000e+02 1.493744360294709281e+02 1.000000000000000000e+00 4.200000000000000000e+02 1.200000000000000000e+02 1.200000000000000000e+02 9.491414129688229007e-04 5.526854133090594701e+00 2.346859504497067928e+00 5.961442669232686065e+00
0.000000000000000000e+00 1.139370000000000000e+05 1.250000000000000000e+02 1.247447523316430704e+02 1.000000000000000000e+00 4.200000000000000000e+02 1.200000000000000000e+02 1.200000000000000000e+02 5.563978870691690211e-04 4.366066331607527218e+00 1.853955979451179292e+00 5.446776260932286284e+00
0.000000000000000000e+00 1.139380000000000000e+05 1.000000000000000000e+02 9.971528173188646349e+01 1.000000000000000000e+00 4.200000000000000000e+02 1.200000000000000000e+02 1.200000000000000000e+02 4.543472989616774275e-04 3.290604297152341928e+00 1.397284202612459447e+00 4.870138287544250488e+00
0.000000000000000000e+00 1.139390000000000000e+05 9.000000000000000000e+01 9.220137166427670650e+01 1.000000000000000000e+00 4.200000000000000000e+02 1.200000000000000000e+02 1.200000000000000000e+02 3.257714457248938244e-04 3.872457609899498721e+00 1.644355672993417672e+00 4.671611418326695464e+00
0.000000000000000000e+00 1.139400000000000000e+05 1.500000000000000000e+02 1.497925741849833798e+02 1.000000000000000000e+00 3.600000000000000000e+02 1.200000000000000000e+02 1.200000000000000000e+02 4.517727759964281636e-03 5.242740096474491907e+00 2.226216601475368151e+00 5.968254556258519195e+00
0.000000000000000000e+00 1.139410000000000000e+05 1.250000000000000000e+02 1.245276148657922874e+02 1.000000000000000000e+00 3.600000000000000000e+02 1.200000000000000000e+02 1.200000000000000000e+02 3.111852249746159971e-03 4.607521750034251795e+00 1.956484819547452902e+00 5.442901243766148589e+00
0.000000000000000000e+00 1.139420000000000000e+05 1.000000000000000000e+02 1.006189389763560200e+02 1.000000000000000000e+00 3.600000000000000000e+02 1.200000000000000000e+02 1.200000000000000000e+02 1.295033617031425425e-03 3.722900742125077045e+00 1.580849572027633654e+00 4.888134310642878511e+00
0.000000000000000000e+00 1.139430000000000000e+05 9.000000000000000000e+01 9.076999727143441987e+01 1.000000000000000000e+00 3.600000000000000000e+02 1.200000000000000000e+02 1.200000000000000000e+02 9.326623071627999787e-04 3.267719901771727109e+00 1.387566837270372444e+00 4.641750892003376983e+00
0.000000000000000000e+00 1.139440000000000000e+05 1.500000000000000000e+02 1.498486837639453881e+02 1.000000000000000000e+00 3.000000000000000000e+02 1.200000000000000000e+02 1.200000000000000000e+02 9.794400033464848929e-03 5.844098666794010910e+00 2.481570559148199795e+00 5.969167927900950410e+00
0.000000000000000000e+00 1.139450000000000000e+05 1.250000000000000000e+02 1.248890264753541572e+02 1.000000000000000000e+00 3.000000000000000000e+02 1.200000000000000000e+02 1.200000000000000000e+02 1.165088015209354150e-02 4.995561059014058003e+00 2.121257349899812183e+00 5.449349602063496611e+00
0.000000000000000000e+00 1.139460000000000000e+05 1.000000000000000000e+02 9.987053998662678111e+01 1.000000000000000000e+00 3.000000000000000000e+02 1.200000000000000000e+02 1.200000000000000000e+02 1.089292536099828804e-02 4.194562679438263331e+00 1.781130649442999259e+00 4.873235096534092925e+00
0.000000000000000000e+00 1.139470000000000000e+05 9.000000000000000000e+01 8.992401036962414196e+01 1.000000000000000000e+00 3.000000000000000000e+02 1.200000000000000000e+02 1.200000000000000000e+02 8.605871629947792895e-03 3.866732445893724446e+00 1.641924605475042265e+00 4.624008367458979585e+00
0.000000000000000000e+00 1.139480000000000000e+05 1.500000000000000000e+02 1.498720047966002937e+02 1.000000000000000000e+00 2.400000000000000000e+02 1.200000000000000000e+02 1.200000000000000000e+02 1.107038026684094290e-02 6.444496206254058279e+00 2.736516435776670253e+00 5.969547102848689057e+00
0.000000000000000000e+00 1.139490000000000000e+05 1.250000000000000000e+02 1.252533750646611139e+02 1.000000000000000000e+00 2.400000000000000000e+02 1.200000000000000000e+02 1.200000000000000000e+02 1.799876456021516635e-02 5.511148502845003350e+00 2.340190447067941992e+00 5.455842216809590361e+00
0.000000000000000000e+00 1.139500000000000000e+05 1.000000000000000000e+02 1.000780788768355478e+02 1.000000000000000000e+00 2.400000000000000000e+02 1.200000000000000000e+02 1.200000000000000000e+02 2.858746570503963719e-02 4.803747786088024441e+00 2.039807977107441328e+00 4.877371648947398164e+00
0.000000000000000000e+00 1.139510000000000000e+05 9.000000000000000000e+01 9.002530730629609934e+01 1.000000000000000000e+00 2.400000000000000000e+02 1.200000000000000000e+02 1.200000000000000000e+02 3.260166111696348457e-02 4.321214750702324636e+00 1.834910722166592123e+00 4.626136730114619233e+00
0.000000000000000000e+00 1.139520000000000000e+05 1.500000000000000000e+02 1.501206182061254424e+02 1.000000000000000000e+00 1.800000000000000000e+02 1.200000000000000000e+02 1.200000000000000000e+02 6.635146391343366319e-03 7.656151528512680215e+00 3.251019757330225080e+00 5.973592768112818696e+00
0.000000000000000000e+00 1.139530000000000000e+05 1.250000000000000000e+02 1.250421864140319741e+02 1.000000000000000000e+00 1.800000000000000000e+02 1.200000000000000000e+02 1.200000000000000000e+02 1.288790417969026304e-02 6.627235879943853547e+00 2.814112900188472821e+00 5.452079941829045318e+00
0.000000000000000000e+00 1.139540000000000000e+05 1.000000000000000000e+02 1.002991526661021169e+02 1.000000000000000000e+00 1.800000000000000000e+02 1.200000000000000000e+02 1.200000000000000000e+02 2.820769605825008269e-02 5.516453396635689899e+00 2.342443055896259008e+00 4.881773670514424346e+00
0.000000000000000000e+00 1.139550000000000000e+05 9.000000000000000000e+01 9.021247456731478565e+01 1.000000000000000000e+00 1.800000000000000000e+02 1.200000000000000000e+02 1.200000000000000000e+02 3.885304270123252079e-02 4.961686101202396060e+00 2.106873079066835075e+00 4.630066116650898955e+00
0.000000000000000000e+00 1.139560000000000000e+05 1.500000000000000000e+02 1.498891753624774310e+02 1.000000000000000000e+00 1.200000000000000000e+02 1.200000000000000000e+02 1.200000000000000000e+02 1.547059072248444141e-03 1.094190980146065328e+01 4.646246200195606413e+00 5.969826589028040864e+00
0.000000000000000000e+00 1.139570000000000000e+05 1.250000000000000000e+02 1.256609317200171176e+02 1.000000000000000000e+00 1.200000000000000000e+02 1.200000000000000000e+02 1.200000000000000000e+02 3.591187040433227104e-03 8.796265220401409124e+00 3.735144467261744872e+00 5.463095714648564361e+00
0.000000000000000000e+00 1.139580000000000000e+05 1.000000000000000000e+02 1.000601473278471474e+02 1.000000000000000000e+00 1.200000000000000000e+02 1.200000000000000000e+02 1.200000000000000000e+02 9.872161751532250451e-03 6.804090018293464937e+00 2.889210198850728162e+00 4.877014319101969697e+00
0.000000000000000000e+00 1.139590000000000000e+05 9.000000000000000000e+01 9.045608136845660852e+01 1.000000000000000000e+00 1.200000000000000000e+02 1.200000000000000000e+02 1.200000000000000000e+02 1.532019402238600156e-02 6.331925695792079978e+00 2.688715794391541625e+00 4.635175297657649018e+00
0.000000000000000000e+00 1.139600000000000000e+05 8.000000000000000000e+01 8.000000000000000000e+01 1.000000000000000000e+00 6.000000000000000000e+02 1.200000000000000000e+02 9.000000000000000000e+01 1.477938090974788562e-06 2.823999999999939803e+01 1.199150743099762195e+01 4.361062258481979370e+00
0.000000000000000000e+00 1.139610000000000000e+05 7.000000000000000000e+01 7.000000000000000000e+01 1.000000000000000000e+00 6.000000000000000000e+02 1.200000000000000000e+02 9.000000000000000000e+01 4.952966578406312753e-06 4.200000000000159162e-01 1.783439490445927478e-01 4.079400127132733367e+00
0.000000000000000000e+00 1.139620000000000000e+05 6.000000000000000000e+01 6.000000000000000000e+01 1.000000000000000000e+00 6.000000000000000000e+02 1.200000000000000000e+02 9.000000000000000000e+01 1.089900262556332758e-05 1.679999999999964189e+00 7.133757961783288026e-01 3.776790653665860642e+00
0.000000000000000000e+00 1.139630000000000000e+05 5.000000000000000000e+01 5.000000000000000000e+01 1.000000000000000000e+00 6.000000000000000000e+02 1.200000000000000000e+02 9.000000000000000000e+01 1.886696138144058370e-05 2.250000000000035527e+00 9.554140127388686121e-01 3.447722420096397400e+00
0.000000000000000000e+00 1.139640000000000000e+05 8.000000000000000000e+01 4.507572856879828294e+01 1.000000000000000000e+00 5.400000000000000000e+02 1.200000000000000000e+02 9.000000000000000000e+01 nan -1.000000000000000000e+00 -4.246284501061571293e-01 3.492667247851689805e+00
0.000000000000000000e+00 1.139650000000000000e+05 7.000000000000000000e+01 5.441217300534898271e+01 1.000000000000000000e+00 5.400000000000000000e+02 1.200000000000000000e+02 9.000000000000000000e+01 1.653713508327877583e-06 4.450915751837607814e+01 1.889985457255884427e+01 3.688681056102117051e+00
0.000000000000000000e+00 1.139660000000000000e+05 6.000000000000000000e+01 6.000000000000000000e+01 1.000000000000000000e+00 5.400000000000000000e+02 1.200000000000000000e+02 9.000000000000000000e+01 2.850057370239014256e-06 2.453999999999947335e+01 1.042038216560487207e+01 3.776790653665860642e+00
0.000000000000000000e+00 1.139670000000000000e+05 5.000000000000000000e+01 5.000000000000000000e+01 1.000000000000000000e+00 5.400000000000000000e+02 1.200000000000000000e+02 9.000000000000000000e+01 1.342133305934028056e-05 3.500000000000085265e-01 1.486199575371586201e-01 3.447722420096397400e+00
0.000000000000000000e+00 1.139680000000000000e+05 8.000000000000000000e+01 5.553487369880460989e+01 1.000000000000000000e+00 4.800000000000000000e+02 1.200000000000000000e+02 9.000000000000000000e+01 nan -1.000000000000000000e+00 -4.246284501061571293e-01 3.774994254112243652e+00
0.000000000000000000e+00 1.139690000000000000e+05 7.000000000000000000e+01 7.000000000000000000e+01 1.000000000000000000e+00 4.800000000000000000e+02 1.200000000000000000e+02 9.000000000000000000e+01 1.706340645299886961e-06 2.975000000000012790e+01 1.263269639065822858e+01 4.079400127132733367e+00
0.000000000000000000e+00 1.139700000000000000e+05 6.000000000000000000e+01 6.000000000000000000e+01 1.000000000000000000e+00 4.800000000000000000e+02 1.200000000000000000e+02 9.000000000000000000e+01 6.557626533494903683e-06 5.153999999999889781e+01 2.188535031847086998e+01 3.776790653665860642e+00
