# RunNumber Ei Chopper Chopper1 Chopper2 Chopper3 Height dHeight Center dCenter Sigma dSigma Q
0.000000000000000000e+00 1.079700000000000000e+05 8.020259475506932745e+00 2.000000000000000000e+00 1.200000000000000000e+02 6.000000000000000000e+01 3.000000000000000000e+01 4.434808456620074890e-02 7.336989538557903276e-04 -8.024844780329876137e-02 3.333837925982216770e-03 2.557758190916394336e-01 2.562174113777989596e-03 1.380515602727730995e+00
0.000000000000000000e+00 1.079710000000000000e+05 1.002081272900312925e+01 2.000000000000000000e+00 1.200000000000000000e+02 6.000000000000000000e+01 3.000000000000000000e+01 3.493554678976978217e-02 5.347523515467955723e-04 -1.077245539178202649e-01 4.577901760705044634e-03 3.678269142450008022e-01 3.371792978372365520e-03 1.543179417649904961e+00
0.000000000000000000e+00 1.079720000000000000e+05 1.206002904272751941e+01 2.000000000000000000e+00 1.200000000000000000e+02 6.000000000000000000e+01 3.000000000000000000e+01 3.063435530134343832e-02 4.332782911371996833e-04 -6.510784573112578244e-02 5.701954678040389857e-03 5.025435642855716756e-01 4.309015750401001127e-03 1.692481917639573341e+00
0.000000000000000000e+00 1.079730000000000000e+05 1.506962013367450126e+01 2.000000000000000000e+00 1.200000000000000000e+02 6.000000000000000000e+01 3.000000000000000000e+01 2.321635014644822179e-02 3.092797081315083784e-04 -1.461100568894947438e-01 7.981510864601720767e-03 7.220694730887496915e-01 5.622758362841233891e-03 1.891974200805028206e+00
0.000000000000000000e+00 1.079740000000000000e+05 2.015539388157490563e+01 2.000000000000000000e+00 1.200000000000000000e+02 6.000000000000000000e+01 3.000000000000000000e+01 1.890558557350105126e-02 2.191303570154906274e-04 -1.346550527130992991e-01 1.139223871253283900e-02 1.155202813206225532e+00 7.554226685103931742e-03 2.187444393833478440e+00
0.000000000000000000e+00 1.079750000000000000e+05 2.522387116410380159e+01 2.000000000000000000e+00 1.200000000000000000e+02 6.000000000000000000e+01 6.000000000000000000e+01 1.737883016668475417e-02 1.784402896743470966e-04 -1.908469919563154371e-01 1.385715556317121226e-02 1.601090093059527986e+00 9.305000536817506149e-03 2.446813906232515823e+00
0.000000000000000000e+00 1.079760000000000000e+05 3.041134243671422155e+01 2.000000000000000000e+00 1.200000000000000000e+02 6.000000000000000000e+01 6.000000000000000000e+01 3.072249155433364950e-03 6.559956485627323924e-05 -1.423419807298539341e-01 3.814174586100954611e-02 2.153603704379193129e+00 2.614426472995206793e-02 2.685517519712448120e+00
0.000000000000000000e+00 1.079770000000000000e+05 4.000000000000000000e+01 2.000000000000000000e+00 1.200000000000000000e+02 6.000000000000000000e+01 6.000000000000000000e+01 2.206986939599920778e-05 3.182514134335047706e-01 -4.610885334092434396e-01 5.585246012088487623e+04 3.932575834189930841e+00 4.121182981810110505e+04 3.083736648162206162e+00
0.000000000000000000e+00 1.079780000000000000e+05 5.000000000000000000e+01 2.000000000000000000e+00 1.200000000000000000e+02 6.000000000000000000e+01 6.000000000000000000e+01 1.865678938329449807e-05 2.478403306983423260e-01 4.524900492208073999e+00 1.037973452722236252e+05 8.234210553971632152e+00 8.425129169777600328e+04 3.447722420096397400e+00
0.000000000000000000e+00 1.079790000000000000e+05 6.000000000000000000e+01 2.000000000000000000e+00 1.200000000000000000e+02 6.000000000000000000e+01 9.000000000000000000e+01 2.958228394578794270e-31 3.265452986879716080e-01 -5.999999999999997558e-01 7.647726412732202141e+30 5.999999999999997335e+00 7.647726471740947274e+30 3.776790653665860642e+00
0.000000000000000000e+00 1.079800000000000000e+05 7.000000000000000000e+01 2.000000000000000000e+00 1.200000000000000000e+02 6.000000000000000000e+01 9.000000000000000000e+01 0.000000000000000000e+00 3.750612555504142076e+00 -7.000000000000001776e-01 0.000000000000000000e+00 6.999999999999998224e+00 0.000000000000000000e+00 4.079400127132733367e+00
0.000000000000000000e+00 1.079810000000000000e+05 8.000000000000000000e+01 2.000000000000000000e+00 1.200000000000000000e+02 6.000000000000000000e+01 9.000000000000000000e+01 -1.203706215242022408e-35 4.928324078496150729e-01 -3.413136195830800190e+00 1.663791829081460731e+35 3.512193655453633045e+00 1.664143549179551476e+35 4.361062258481979370e+00
0.000000000000000000e+00 1.079820000000000000e+05 9.000000000000000000e+01 2.000000000000000000e+00 1.200000000000000000e+02 6.000000000000000000e+01 9.000000000000000000e+01 0.000000000000000000e+00 3.750612420492279497e+00 -8.999999999999998002e-01 0.000000000000000000e+00 9.000000000000000000e+00 0.000000000000000000e+00 4.625605126221974395e+00
0.000000000000000000e+00 1.079830000000000000e+05 1.000000000000000000e+02 2.000000000000000000e+00 1.200000000000000000e+02 6.000000000000000000e+01 1.200000000000000000e+02 4.930380657631323784e-32 3.265452991668439942e-01 -1.000000000000000222e+00 7.647726530533069489e+31 9.999999999999996447e+00 7.586544792856223367e+31 4.875815918048222564e+00
0.000000000000000000e+00 1.079840000000000000e+05 1.250000000000000000e+02 2.000000000000000000e+00 1.200000000000000000e+02 6.000000000000000000e+01 1.200000000000000000e+02 2.393778862544025161e-06 1.271884721945499511e-03 -1.761250028824260738e+01 3.231775447243610397e+07 4.251964472978003173e-01 8.726858759779596701e+06 5.451327502727508545e+00
0.000000000000000000e+00 1.079850000000000000e+05 1.500000000000000000e+02 2.000000000000000000e+00 1.200000000000000000e+02 6.000000000000000000e+01 1.200000000000000000e+02 4.235164736271501695e-22 4.901452135399969601e-01 -5.677870164994580193e+00 8.900517242877615538e+21 6.657765592492218332e+00 8.873438570229486584e+21 5.971630513668060303e+00
0.000000000000000000e+00 1.079860000000000000e+05 2.000000000000000000e+02 2.000000000000000000e+00 1.200000000000000000e+02 6.000000000000000000e+01 1.500000000000000000e+02 1.355252715606880543e-20 4.907262806647574305e-01 -7.913829040081996169e+00 3.705656481843175096e+20 8.856014284725377550e+00 3.679349276187855421e+20 6.895444840192794800e+00
0.000000000000000000e+00 1.079870000000000000e+05 2.500000000000000000e+02 2.000000000000000000e+00 1.200000000000000000e+02 6.000000000000000000e+01 1.500000000000000000e+02 2.958228394578794270e-31 3.265453003903822093e-01 -2.499999999999998668e+00 3.186552810064885368e+31 2.499999999999998934e+01 3.181454264518482512e+31 7.709341456492741607e+00
0.000000000000000000e+00 1.079880000000000000e+05 3.000000000000000000e+02 2.000000000000000000e+00 1.200000000000000000e+02 6.000000000000000000e+01 1.500000000000000000e+02 4.930380657631323784e-32 3.265452788500238790e-01 -2.999999999999999556e+00 2.294318027071296334e+32 3.000000000000000355e+01 2.300436009883764204e+32 8.445160518089929624e+00
0.000000000000000000e+00 1.079890000000000000e+05 8.000000000000000000e+00 2.000000000000000000e+00 1.200000000000000000e+02 1.200000000000000000e+02 3.000000000000000000e+01 -1.540743955509788682e-33 5.007398886918241754e-01 -5.197444599173153268e-01 1.277370990780959494e+32 3.402141853662365989e-01 1.275939348904461534e+32 1.379089032610257393e+00
0.000000000000000000e+00 1.079900000000000000e+05 1.000000000000000000e+01 2.000000000000000000e+00 1.200000000000000000e+02 1.200000000000000000e+02 3.000000000000000000e+01 -8.333098311595046794e-07 4.111654521441177495e+37 8.714049937506137766e+00 6.366125776470985014e+41 1.001619558957273781e-01 3.164025438771925627e+40 1.541868324081103081e+00
0.000000000000000000e+00 1.079910000000000000e+05 1.200000000000000000e+01 2.000000000000000000e+00 1.200000000000000000e+02 1.200000000000000000e+02 3.000000000000000000e+01 5.021812556100777091e-05 5.516671024316424887e-05 3.957357306921936324e+00 8.189038689357122536e+00 5.872422542231260145e+00 6.953435074583455666e+00 1.689032199482123131e+00
0.000000000000000000e+00 1.079920000000000000e+05 1.500000000000000000e+01 2.000000000000000000e+00 1.200000000000000000e+02 1.200000000000000000e+02 3.000000000000000000e+01 6.776263578034402713e-21 4.908002035469444246e-01 -6.196850147478679682e-01 5.556139769133607322e+19 6.640009297027970048e-01 5.519856069815488512e+19 1.888395326832930321e+00
0.000000000000000000e+00 1.079930000000000000e+05 2.000000000000000000e+01 2.000000000000000000e+00 1.200000000000000000e+02 1.200000000000000000e+02 3.000000000000000000e+01 -1.937994066144264209e-24 6.129814313135155679e-01 -4.917425936512822560e+00 2.071464757573021776e+23 5.661738407254955918e-01 2.047804716295517530e+23 2.180531129240989685e+00
0.000000000000000000e+00 1.079940000000000000e+05 8.011438625954049542e+00 2.000000000000000000e+00 1.200000000000000000e+02 6.000000000000000000e+01 3.000000000000000000e+01 4.400419706068224579e-02 7.399810501522965022e-04 -1.032775657730015256e-01 3.321445213484760378e-03 2.519019353808835127e-01 2.624267673929594428e-03 1.379894586900870079e+00
0.000000000000000000e+00 1.079950000000000000e+05 1.005167430353020741e+01 2.000000000000000000e+00 1.200000000000000000e+02 6.000000000000000000e+01 3.000000000000000000e+01 3.630178617512739431e-02 5.573761523803739959e-04 -7.467046802619911605e-02 4.437788021032607749e-03 3.629112671868949258e-01 3.363282605258457493e-03 1.545121297240257263e+00
0.000000000000000000e+00 1.079960000000000000e+05 1.209145276876772535e+01 2.000000000000000000e+00 1.200000000000000000e+02 6.000000000000000000e+01 3.000000000000000000e+01 3.080405212471188509e-02 4.438262824018955719e-04 -3.960520336453471346e-02 5.720311923854443960e-03 4.962377199890492530e-01 4.531409959899412691e-03 1.694284861286481148e+00
0.000000000000000000e+00 1.079970000000000000e+05 1.514989211009289605e+01 2.000000000000000000e+00 1.200000000000000000e+02 6.000000000000000000e+01 3.000000000000000000e+01 2.320103788582552479e-02 3.096194611240460294e-04 -6.952305609805546627e-02 7.966374853344074247e-03 6.989666252160231519e-01 5.308393980575185946e-03 1.896091808875401741e+00
0.000000000000000000e+00 1.079980000000000000e+05 2.020766548943240437e+01 2.000000000000000000e+00 1.200000000000000000e+02 6.000000000000000000e+01 3.000000000000000000e+01 1.944645219199471475e-02 2.256623884501386007e-04 -1.157664767597883643e-01 1.095939543290397854e-02 1.107350775325278924e+00 7.094675680908668798e-03 2.189764752984046936e+00
0.000000000000000000e+00 1.079990000000000000e+05 2.535715444949394382e+01 2.000000000000000000e+00 1.200000000000000000e+02 6.000000000000000000e+01 6.000000000000000000e+01 1.716063291287290779e-02 1.771965892811963106e-04 -1.069974609942872801e-01 1.418568132505229444e-02 1.626955479127981885e+00 9.402707294000948318e-03 2.452100207408269394e+00
0.000000000000000000e+00 1.080000000000000000e+05 3.039304687629941881e+01 2.000000000000000000e+00 1.200000000000000000e+02 6.000000000000000000e+01 6.000000000000000000e+01 1.518554204253777518e-02 1.457165764478154783e-04 -2.008614492506295701e-01 1.711786293171696158e-02 2.120615756485599857e+00 1.136061644892948780e-02 2.684855634967485916e+00
0.000000000000000000e+00 1.080010000000000000e+05 4.056668700292411955e+01 2.000000000000000000e+00 1.200000000000000000e+02 6.000000000000000000e+01 6.000000000000000000e+01 1.121547225521522806e-02 1.064700684992827997e-04 -2.682481493898049574e-01 2.429910167988070385e-02 3.170966448535589066e+00 1.723200764544901772e-02 3.101539656519889832e+00
0.000000000000000000e+00 1.080020000000000000e+05 5.071852891256565243e+01 2.000000000000000000e+00 1.200000000000000000e+02 6.000000000000000000e+01 6.000000000000000000e+01 7.949519476470540483e-03 7.702274878802413437e-05 -6.045411457508351738e-01 3.471642203118532194e-02 4.475225656890158277e+00 2.566254173607452477e-02 3.467911755045255173e+00
0.000000000000000000e+00 1.080030000000000000e+05 6.103289494095245971e+01 2.000000000000000000e+00 1.200000000000000000e+02 6.000000000000000000e+01 9.000000000000000000e+01 5.863224078191638274e-03 5.835192809355318582e-05 -7.454816546097826624e-01 4.681068379402516383e-02 5.959309965260816355e+00 3.536362674762431185e-02 3.803268546859423171e+00
0.000000000000000000e+00 1.080040000000000000e+05 7.143979735664811415e+01 2.000000000000000000e+00 1.200000000000000000e+02 6.000000000000000000e+01 9.000000000000000000e+01 4.132252704512505079e-03 4.468988323459964642e-05 -9.444791590115944047e-01 6.327039480418948647e-02 7.508514209023958941e+00 4.973927207716732912e-02 4.113546982407569885e+00
0.000000000000000000e+00 1.080050000000000000e+05 8.150021942351213511e+01 2.000000000000000000e+00 1.200000000000000000e+02 6.000000000000000000e+01 9.000000000000000000e+01 2.673344140363062560e-03 3.247027803898759125e-05 -1.466182494596148800e+00 8.881003539938106539e-02 9.383967113220030853e+00 6.920779686333652925e-02 4.394356727600097656e+00
0.000000000000000000e+00 1.080060000000000000e+05 9.184731972799505684e+01 2.000000000000000000e+00 1.200000000000000000e+02 6.000000000000000000e+01 9.000000000000000000e+01 1.791468165418281557e-03 2.484103024521455786e-05 -1.540767687129962038e+00 1.183704758954183117e-01 1.112770207483984386e+01 9.634785531888993837e-02 4.664243837197621367e+00
0.000000000000000000e+00 1.080070000000000000e+05 1.023017419777473833e+02 2.000000000000000000e+00 1.200000000000000000e+02 6.000000000000000000e+01 1.200000000000000000e+02 1.154139524105684622e-03 1.894239036985876542e-05 -9.791571947419918098e-01 1.606738811473537309e-01 1.264905051613106934e+01 1.303199946797233832e-01 4.921464939912159942e+00
0.000000000000000000e+00 1.080080000000000000e+05 1.279060701484450817e+02 2.000000000000000000e+00 1.200000000000000000e+02 6.000000000000000000e+01 1.200000000000000000e+02 2.316198286426802630e-04 8.301706763750481077e-06 1.938809359710681468e+00 3.871090480801511746e-01 1.397489579738886967e+01 3.127688752132284922e-01 5.502875169118245147e+00
0.000000000000000000e+00 1.080090000000000000e+05 1.500000000000000000e+02 2.000000000000000000e+00 1.200000000000000000e+02 6.000000000000000000e+01 1.200000000000000000e+02 4.930380657631323784e-32 3.265452788500238790e-01 -1.499999999999999778e+00 1.147159013535648167e+32 1.500000000000000178e+01 1.150218004941882102e+32 5.971630513668060303e+00
0.000000000000000000e+00 1.080100000000000000e+05 2.000000000000000000e+02 2.000000000000000000e+00 1.200000000000000000e+02 6.000000000000000000e+01 1.500000000000000000e+02 0.000000000000000000e+00 2.440811554617405843e+00 -9.849406251447643257e+00 0.000000000000000000e+00 8.470209339379037417e+00 0.000000000000000000e+00 6.895444840192794800e+00
0.000000000000000000e+00 1.080110000000000000e+05 2.500000000000000000e+02 2.000000000000000000e+00 1.200000000000000000e+02 6.000000000000000000e+01 1.500000000000000000e+02 2.958228394578794270e-31 3.265453003903822093e-01 -2.499999999999998668e+00 3.186552810064885368e+31 2.499999999999998934e+01 3.181454264518482512e+31 7.709341456492741607e+00
0.000000000000000000e+00 1.080120000000000000e+05 3.000000000000000000e+02 2.000000000000000000e+00 1.200000000000000000e+02 6.000000000000000000e+01 1.500000000000000000e+02 4.930380657631323784e-32 3.265452788500238790e-01 -2.999999999999999556e+00 2.294318027071296334e+32 3.000000000000000355e+01 2.300436009883764204e+32 8.445160518089929624e+00
0.000000000000000000e+00 1.080130000000000000e+05 8.000000000000000000e+00 2.000000000000000000e+00 1.200000000000000000e+02 1.200000000000000000e+02 3.000000000000000000e+01 5.534615713867357560e-05 5.993185681855700829e-05 7.064082905224785547e-01 3.737862815996900423e+01 1.097045077633435950e+00 5.875536956903998771e+02 1.379089032610257393e+00
0.000000000000000000e+00 1.080140000000000000e+05 1.000000000000000000e+01 2.000000000000000000e+00 1.200000000000000000e+02 1.200000000000000000e+02 3.000000000000000000e+01 8.470329472543003391e-22 4.904465554247862680e-01 -4.002685241033580033e-01 2.961916626645012316e+20 4.433059688840641499e-01 2.941801932785340908e+20 1.541868324081103081e+00
0.000000000000000000e+00 1.080150000000000000e+05 1.200000000000000000e+01 2.000000000000000000e+00 1.200000000000000000e+02 1.200000000000000000e+02 3.000000000000000000e+01 -3.176373552203626272e-22 4.902725415375824292e-01 -4.667142238284673894e-01 9.503835264974070743e+20 5.323447224307864545e-01 9.446071495212839731e+20 1.689032199482123131e+00
0.000000000000000000e+00 1.080160000000000000e+05 1.500000000000000000e+01 2.000000000000000000e+00 1.200000000000000000e+02 1.200000000000000000e+02 3.000000000000000000e+01 3.061847242886423485e-05 2.385249938127703973e-01 -3.376361092523074259e+00 1.419037433355066605e+04 1.581792565137032369e+00 1.921231209504643630e+04 1.888395326832930321e+00
0.000000000000000000e+00 1.080170000000000000e+05 2.000000000000000000e+01 2.000000000000000000e+00 1.200000000000000000e+02 1.200000000000000000e+02 3.000000000000000000e+01 3.059693003433555842e-05 2.422845717617011898e-04 6.545202523845184750e+00 3.291208587308667006e+02 9.599301345246887607e+00 2.998359165767400327e+02 2.180531129240989685e+00
0.000000000000000000e+00 1.080180000000000000e+05 2.500000000000000000e+01 2.000000000000000000e+00 1.200000000000000000e+02 1.200000000000000000e+02 6.000000000000000000e+01 4.930380657631323784e-32 3.265452991668439942e-01 -2.500000000000000555e-01 1.911931632633267372e+31 2.499999999999999112e+00 1.896636198214055842e+31 2.437907959024111282e+00
0.000000000000000000e+00 1.080190000000000000e+05 3.000000000000000000e+01 2.000000000000000000e+00 1.200000000000000000e+02 1.200000000000000000e+02 6.000000000000000000e+01 2.958228394578794270e-31 3.265452986879716080e-01 -2.999999999999998779e-01 3.823863206366101071e+30 2.999999999999998668e+00 3.823863235870473637e+30 2.670594314734140884e+00
0.000000000000000000e+00 1.080200000000000000e+05 4.027453388244606458e+01 2.000000000000000000e+00 1.200000000000000000e+02 1.200000000000000000e+02 6.000000000000000000e+01 1.881882359211639946e-02 2.152686499793572152e-04 4.931978400178850530e-02 1.260081870781046276e-02 1.415972454479310638e+00 1.040383413382980383e-02 3.092374533414840698e+00
0.000000000000000000e+00 1.080210000000000000e+05 5.038469976520589455e+01 2.000000000000000000e+00 1.200000000000000000e+02 1.200000000000000000e+02 6.000000000000000000e+01 2.048882267104608704e-02 1.869567787234285719e-04 -8.424606279368059003e-02 1.501407483815129888e-02 2.099688520288417237e+00 1.198775453390062661e-02 3.458546961347261917e+00
0.000000000000000000e+00 1.080220000000000000e+05 6.058441363520670819e+01 2.000000000000000000e+00 1.200000000000000000e+02 1.200000000000000000e+02 9.000000000000000000e+01 1.228977519920629313e-02 1.232047309784733838e-04 -8.346299594612351103e-02 2.327617465681003014e-02 2.906645609360955618e+00 1.815024544401036902e-02 3.791795348127683152e+00
0.000000000000000000e+00 1.080230000000000000e+05 7.068505984879188020e+01 2.000000000000000000e+00 1.200000000000000000e+02 1.200000000000000000e+02 9.000000000000000000e+01 7.511693011648894365e-03 8.503586586939155525e-05 -3.211965451654053005e-01 3.402294963592910476e-02 3.819832341441397716e+00 2.715669834045434175e-02 4.095683981974919341e+00
0.000000000000000000e+00 1.080240000000000000e+05 8.083366559257198958e+01 2.000000000000000000e+00 1.200000000000000000e+02 1.200000000000000000e+02 9.000000000000000000e+01 4.629934667628657699e-03 6.052720231255313577e-05 -6.716699633521026058e-01 4.907323129535191147e-02 4.760747673188163276e+00 3.848835275532619393e-02 4.379596273104350068e+00
0.000000000000000000e+00 1.080250000000000000e+05 9.104627064192440855e+01 2.000000000000000000e+00 1.200000000000000000e+02 1.200000000000000000e+02 9.000000000000000000e+01 2.725534476759365436e-03 4.259422201800915346e-05 -8.398891182875376504e-01 7.135267263584876840e-02 5.837715399149384865e+00 5.661653416971303143e-02 4.647529711325963042e+00
0.000000000000000000e+00 1.080260000000000000e+05 1.014914058289654264e+02 2.000000000000000000e+00 1.200000000000000000e+02 1.200000000000000000e+02 1.200000000000000000e+02 1.762487092596369022e-03 3.194682648600408122e-05 -3.513499221715450926e-01 9.634522088169619747e-02 6.812974037374303293e+00 7.715679180111670310e-02 4.905444055795669556e+00
0.000000000000000000e+00 1.080270000000000000e+05 1.269178925329317451e+02 2.000000000000000000e+00 1.200000000000000000e+02 1.200000000000000000e+02 1.200000000000000000e+02 3.993681075876433727e-04 1.403819641139132024e-05 -4.504361104839349483e-02 2.352756749125937685e-01 8.737488318948214427e+00 1.923192548272054658e-01 5.485403180122375488e+00
0.000000000000000000e+00 1.080280000000000000e+05 1.523887198442909892e+02 2.000000000000000000e+00 1.200000000000000000e+02 1.200000000000000000e+02 1.200000000000000000e+02 1.113179083700735147e-04 8.051501822461424538e-06 1.521412631746218658e+00 4.353986149920424098e-01 7.725521631123330124e+00 3.812637230141068256e-01 6.010368744532267549e+00
0.000000000000000000e+00 1.080290000000000000e+05 2.029406870630685660e+02 2.000000000000000000e+00 1.200000000000000000e+02 1.200000000000000000e+02 1.500000000000000000e+02 4.904453355754932197e-06 1.110383870451704807e-06 1.443393198375583442e+00 6.318727242765535657e+00 2.660099109601762635e+01 8.217031442936287178e+00 6.936755756537119844e+00
0.000000000000000000e+00 1.080300000000000000e+05 2.435934412470234633e+02 2.000000000000000000e+00 1.200000000000000000e+02 1.200000000000000000e+02 1.500000000000000000e+02 1.636446403658753399e-06 7.752083789748592290e-07 -2.382760572887435035e+00 9.092848478764990716e+01 6.509343799034390088e+01 1.386235737691815189e+02 7.628151675065358184e+00
0.000000000000000000e+00 1.080310000000000000e+05 3.043218727450794177e+02 2.000000000000000000e+00 1.200000000000000000e+02 1.200000000000000000e+02 1.500000000000000000e+02 2.874813938025052207e-06 1.410955117823032108e-06 -1.294823648741906119e+01 1.273089871545733587e+01 2.965591245987093671e+01 1.565476028515672624e+01 8.494736611843109131e+00
0.000000000000000000e+00 1.080320000000000000e+05 8.006278739226898367e+00 2.000000000000000000e+00 1.200000000000000000e+02 1.800000000000000000e+02 3.000000000000000000e+01 2.585317154559224062e-01 2.736913799163874072e-03 -6.320581338872822974e-02 8.811321925870026260e-04 1.141894753687632547e-01 6.466616072611109517e-04 1.379531224568684822e+00
0.000000000000000000e+00 1.080330000000000000e+05 1.000823061318293483e+01 2.000000000000000000e+00 1.200000000000000000e+02 1.800000000000000000e+02 3.000000000000000000e+01 3.308926978550647546e-01 2.616192347388049573e-03 -6.601101690761911056e-02 9.221409201549476834e-04 1.564163332862724409e-01 6.886060103959675341e-04 1.542386899391810173e+00
0.000000000000000000e+00 1.080340000000000000e+05 1.201060962287296618e+01 2.000000000000000000e+00 1.200000000000000000e+02 1.800000000000000000e+02 3.000000000000000000e+01 3.620427541815820494e-01 2.366373921222224980e-03 -6.190209621578400545e-02 1.017299753367925707e-03 2.040633173193548422e-01 7.528559576234552251e-04 1.689642310142517090e+00
0.000000000000000000e+00 1.080350000000000000e+05 1.501472227309897889e+01 2.000000000000000000e+00 1.200000000000000000e+02 1.800000000000000000e+02 3.000000000000000000e+01 3.221276351443991826e-01 1.880451656138745981e-03 -5.725583780541124851e-02 1.280617120776581614e-03 2.780053578854374541e-01 9.432231775208845806e-04 1.889152670900027031e+00
0.000000000000000000e+00 1.080360000000000000e+05 2.003589770695180050e+01 2.000000000000000000e+00 1.200000000000000000e+02 1.800000000000000000e+02 3.000000000000000000e+01 2.778543295282336900e-01 1.396312922783000433e-03 -1.622212113080239923e-02 1.721324873553377191e-03 4.097011924576388076e-01 1.182875324681854001e-03 2.182130177815755356e+00
0.000000000000000000e+00 1.080370000000000000e+05 2.505287825616282404e+01 2.000000000000000000e+00 1.200000000000000000e+02 1.800000000000000000e+02 6.000000000000000000e+01 1.539236695531501498e-01 9.031518705354357702e-04 -1.450072782332441010e-02 2.695913223195483665e-03 5.502747195155004434e-01 1.849160478470186731e-03 2.440014511346817017e+00
0.000000000000000000e+00 1.080380000000000000e+05 3.007916838812665716e+01 2.000000000000000000e+00 1.200000000000000000e+02 1.800000000000000000e+02 6.000000000000000000e+01 1.762348233721354462e-01 8.696536233727987638e-04 3.398627477859701446e-03 2.838833414173812675e-03 6.912317702235560857e-01 1.987767929392509660e-03 2.673473189274469863e+00
0.000000000000000000e+00 1.080390000000000000e+05 4.007842161984658702e+01 2.000000000000000000e+00 1.200000000000000000e+02 1.800000000000000000e+02 6.000000000000000000e+01 1.063114033006044845e-01 5.821763095504965679e-04 -6.266893523054743731e-02 4.457744634908699863e-03 1.011455549526908415e+00 3.355845456144297342e-03 3.086206719279289246e+00
0.000000000000000000e+00 1.080400000000000000e+05 5.016400466956049797e+01 2.000000000000000000e+00 1.200000000000000000e+02 1.800000000000000000e+02 6.000000000000000000e+01 6.586399361451585055e-02 4.014982298253661191e-04 3.495268699688899167e-02 6.728340110125170456e-03 1.363114515939524596e+00 5.138950048463473454e-03 3.452341382702191819e+00
0.000000000000000000e+00 1.080410000000000000e+05 6.033656349860399359e+01 2.000000000000000000e+00 1.200000000000000000e+02 1.800000000000000000e+02 9.000000000000000000e+01 4.109193687405492124e-02 2.851350007196382704e-04 1.994899191980064046e-01 9.857587870055209422e-03 1.753999650813197420e+00 7.545176072689382084e-03 3.785439297556877136e+00
0.000000000000000000e+00 1.080420000000000000e+05 7.039597728672460164e+01 2.000000000000000000e+00 1.200000000000000000e+02 1.800000000000000000e+02 9.000000000000000000e+01 2.617500289251619219e-02 2.122616922825756858e-04 2.141236135810949404e-01 1.382156362230699785e-02 2.155905540553225475e+00 1.106753479520248239e-02 4.088820765415827729e+00
0.000000000000000000e+00 1.080430000000000000e+05 8.044701768891314941e+01 2.000000000000000000e+00 1.200000000000000000e+02 1.800000000000000000e+02 9.000000000000000000e+01 1.647933338130095141e-02 1.564880123471211113e-04 1.126124636229251241e-01 1.918867246633081808e-02 2.563291466104741456e+00 1.555627565114499171e-02 4.371010263760884307e+00
0.000000000000000000e+00 1.080440000000000000e+05 9.067675515302994427e+01 2.000000000000000000e+00 1.200000000000000000e+02 1.800000000000000000e+02 9.000000000000000000e+01 1.079130633734688878e-02 1.217452850774672552e-04 2.830125063663343488e-01 2.548354037599722191e-02 2.911982175114092630e+00 2.135618115321513688e-02 4.639798770348231294e+00
0.000000000000000000e+00 1.080450000000000000e+05 1.005230645225570782e+02 2.000000000000000000e+00 1.200000000000000000e+02 1.800000000000000000e+02 1.200000000000000000e+02 7.094904344589765544e-03 9.481635360238975453e-05 6.413735053965177735e-02 3.376006485620667436e-02 3.261129029164079096e+00 2.810675537953963299e-02 4.886228114366531372e+00
0.000000000000000000e+00 1.080460000000000000e+05 1.260830722395293861e+02 2.000000000000000000e+00 1.200000000000000000e+02 1.800000000000000000e+02 1.200000000000000000e+02 2.781425130394630987e-03 5.741300923318495028e-05 5.011405055514540630e-01 5.701843620632625342e-02 3.604834986641950234e+00 4.800953705359192053e-02 5.470598032077153228e+00
0.000000000000000000e+00 1.080470000000000000e+05 1.507773896053649310e+02 2.000000000000000000e+00 1.200000000000000000e+02 1.800000000000000000e+02 1.200000000000000000e+02 1.149005382400097950e-03 3.541717331686322450e-05 1.233928454560969667e-01 9.378381488292363011e-02 4.003332117802180790e+00 7.889888815939891109e-02 5.984265863895416260e+00
0.000000000000000000e+00 1.080480000000000000e+05 2.018891276728139417e+02 2.000000000000000000e+00 1.200000000000000000e+02 1.800000000000000000e+02 1.500000000000000000e+02 3.541334138080956648e-04 1.899159167376701985e-05 1.027034156756247318e+00 1.921344904535922937e-01 4.331967503390595553e+00 1.501660252934630957e-01 6.922012507915496826e+00
0.000000000000000000e+00 1.080490000000000000e+05 2.526319458262542526e+02 2.000000000000000000e+00 1.200000000000000000e+02 1.800000000000000000e+02 1.500000000000000000e+02 1.270591623994278400e-04 1.061232037780152751e-05 8.103740822417149214e-01 3.609071514405020609e-01 5.178825443242083715e+00 2.752792321443568446e-01 7.742440740267436006e+00
0.000000000000000000e+00 1.080500000000000000e+05 3.031534363141460062e+02 2.000000000000000000e+00 1.200000000000000000e+02 1.800000000000000000e+02 1.500000000000000000e+02 3.215443852462265177e-05 4.466698204195766881e-06 2.484667994975324312e+00 8.996617780477988990e-01 8.725859437140799812e+00 7.771918987540199497e-01 8.481362760066986084e+00
0.000000000000000000e+00 1.080510000000000000e+05 8.001862134427788931e+00 2.000000000000000000e+00 1.200000000000000000e+02 2.400000000000000000e+02 3.000000000000000000e+01 5.555471808972273912e-02 1.374157713351690851e-03 -5.238150218580744921e-02 1.902483908164683815e-03 9.801848334290752529e-02 1.337181746411913617e-03 1.379220142960548401e+00
0.000000000000000000e+00 1.080520000000000000e+05 9.995197105593934594e+00 2.000000000000000000e+00 1.200000000000000000e+02 2.400000000000000000e+02 3.000000000000000000e+01 1.230655456635528083e-01 1.766091579484614605e-03 -6.660758381262439631e-02 1.429505937724715337e-03 1.304388388427356882e-01 1.017812623941819102e-03 1.541565549870332008e+00
0.000000000000000000e+00 1.080530000000000000e+05 1.200000000000000000e+01 2.000000000000000000e+00 1.200000000000000000e+02 2.400000000000000000e+02 3.000000000000000000e+01 -1.270549420881450509e-21 4.903719984688270639e-01 -4.734414643766199915e-01 2.366768389910509650e+20 5.321288073935080964e-01 2.361996929594836582e+20 1.689032199482123131e+00
0.000000000000000000e+00 1.080540000000000000e+05 1.500000000000000000e+01 2.000000000000000000e+00 1.200000000000000000e+02 2.400000000000000000e+02 3.000000000000000000e+01 6.256811451178799322e-15 5.186817022675096478e-01 -3.772887252413094750e+00 5.698115953426719531e+13 5.937668214953918389e-01 5.747098857134594531e+13 1.888395326832930321e+00
0.000000000000000000e+00 1.080550000000000000e+05 2.000000000000000000e+01 2.000000000000000000e+00 1.200000000000000000e+02 2.400000000000000000e+02 3.000000000000000000e+01 9.860761315262647568e-32 3.265453064810963091e-01 -1.999999999999999001e-01 7.647726558636557759e+30 1.999999999999998890e+00 7.647726524251278493e+30 2.180531129240989685e+00
0.000000000000000000e+00 1.080560000000000000e+05 2.500306314605484559e+01 2.000000000000000000e+00 1.200000000000000000e+02 2.400000000000000000e+02 6.000000000000000000e+01 3.111153426732286564e-01 1.364573747619169481e-03 -3.457067899882970696e-02 1.783363895153996766e-03 4.834723833647884828e-01 1.228568151936298590e-03 2.438029949863751877e+00
0.000000000000000000e+00 1.080570000000000000e+05 3.000821727877222145e+01 2.000000000000000000e+00 1.200000000000000000e+02 2.400000000000000000e+02 6.000000000000000000e+01 2.673840792249388421e-01 1.128786753039183206e-03 -4.098889760830837226e-02 2.182168888467230297e-03 6.193808167556323907e-01 1.498536557860997162e-03 2.670893182357152451e+00
0.000000000000000000e+00 1.080580000000000000e+05 4.002787279991899538e+01 2.000000000000000000e+00 1.200000000000000000e+02 2.400000000000000000e+02 6.000000000000000000e+01 1.820596501579642701e-01 7.908352095133415038e-04 -4.612720555576734632e-02 3.244769920503379462e-03 9.040183201538296576e-01 2.260745603397311919e-03 3.084614838163057815e+00
0.000000000000000000e+00 1.080590000000000000e+05 5.006758308585681760e+01 2.000000000000000000e+00 1.200000000000000000e+02 2.400000000000000000e+02 6.000000000000000000e+01 1.208012448977680564e-01 5.662658897614441427e-04 -3.979857125826136155e-02 4.657677393338844826e-03 1.202543504907523486e+00 3.320597181567228919e-03 3.449626684188842773e+00
0.000000000000000000e+00 1.080600000000000000e+05 6.011410753986672972e+01 2.000000000000000000e+00 1.200000000000000000e+02 2.400000000000000000e+02 9.000000000000000000e+01 7.939049682818503928e-02 4.166775904644604836e-04 8.878599470895592524e-03 6.595768883523892186e-03 1.527572179002748554e+00 4.819966290418508000e-03 3.779725228746732224e+00
0.000000000000000000e+00 1.080610000000000000e+05 7.023841009401441227e+01 2.000000000000000000e+00 1.200000000000000000e+02 2.400000000000000000e+02 9.000000000000000000e+01 5.241459933454306608e-02 3.125888125474780149e-04 1.235822402096715400e-01 9.078345251730738502e-03 1.855277842489623241e+00 6.651659010036783774e-03 4.085074802239735625e+00
0.000000000000000000e+00 1.080620000000000000e+05 8.026872211616408492e+01 2.000000000000000000e+00 1.200000000000000000e+02 2.400000000000000000e+02 9.000000000000000000e+01 3.456207073280020275e-02 2.411778217244372720e-04 1.210457239537727214e-01 1.215709376611593534e-02 2.154413144864289809e+00 9.179778679703190850e-03 4.367045402526855469e+00
0.000000000000000000e+00 1.080630000000000000e+05 9.031467339340649403e+01 2.000000000000000000e+00 1.200000000000000000e+02 2.400000000000000000e+02 9.000000000000000000e+01 2.281596819790532651e-02 1.851477563752287068e-04 6.418497675366018063e-02 1.631535562138327830e-02 2.499710524073446294e+00 1.263764644297135815e-02 4.632210433483123779e+00
0.000000000000000000e+00 1.080640000000000000e+05 1.005525917006072802e+02 2.000000000000000000e+00 1.200000000000000000e+02 2.400000000000000000e+02 1.200000000000000000e+02 1.593588967336275961e-02 1.484103543862210764e-04 3.199364983946073604e-01 2.065203935082438741e-02 2.753711825496966359e+00 1.582920355813037527e-02 4.886815408865611055e+00
0.000000000000000000e+00 1.080650000000000000e+05 1.255484596203940981e+02 2.000000000000000000e+00 1.200000000000000000e+02 2.400000000000000000e+02 1.200000000000000000e+02 6.657498270414102977e-03 9.029123332841422728e-05 2.847395981230864126e-01 3.505267189497654479e-02 3.220035102143092409e+00 2.746832544272035520e-02 5.461095045010249116e+00
0.000000000000000000e+00 1.080660000000000000e+05 1.509050434306284103e+02 2.000000000000000000e+00 1.200000000000000000e+02 2.400000000000000000e+02 1.200000000000000000e+02 3.477330717932232158e-03 6.236887199630663332e-05 8.203939341728340162e-01 5.255112563942283821e-02 3.594993227037087458e+00 4.001703796690393722e-02 5.986338188250859282e+00
0.000000000000000000e+00 1.080670000000000000e+05 2.010024897286470775e+02 2.000000000000000000e+00 1.200000000000000000e+02 2.400000000000000000e+02 1.500000000000000000e+02 1.110830273816690826e-03 3.166049252482427479e-05 1.253724718617997391e+00 1.117296087485864092e-01 4.990994158313264428e+00 8.947172131456160304e-02 6.909556428591410615e+00
0.000000000000000000e+00 1.080680000000000000e+05 2.531727704139823345e+02 2.000000000000000000e+00 1.200000000000000000e+02 2.400000000000000000e+02 1.500000000000000000e+02 5.429194001423022107e-04 2.055953589425419482e-05 3.842006901055307289e+00 1.866763750038045178e-01 6.212794095279281947e+00 1.531051549958526437e-01 7.749224424362182617e+00
0.000000000000000000e+00 1.080690000000000000e+05 3.042121211818436564e+02 2.000000000000000000e+00 1.200000000000000000e+02 2.400000000000000000e+02 1.500000000000000000e+02 1.693594452834779529e-04 8.281681807533361841e-06 5.171385033548544286e+00 5.162732237498193211e-01 1.405531847321562111e+01 4.612725549962959914e-01 8.493481258551279112e+00
0.000000000000000000e+00 1.080700000000000000e+05 4.054278554884286336e+02 2.000000000000000000e+00 1.200000000000000000e+02 2.400000000000000000e+02 1.800000000000000000e+02 1.037097750972156647e-04 7.112041506543891132e-06 5.301394720963636509e+00 6.562374440286312671e-01 1.300980921115938393e+01 5.898275451964372085e-01 9.805561761061349912e+00
0.000000000000000000e+00 1.080710000000000000e+05 5.051078251793221625e+02 2.000000000000000000e+00 1.200000000000000000e+02 2.400000000000000000e+02 1.800000000000000000e+02 4.649298525722366117e-05 4.038358642552408480e-06 2.884031566686158676e+00 1.188893290473376441e+00 1.800212937549011016e+01 1.045460569806115236e+00 1.094807948668797870e+01
0.000000000000000000e+00 1.080720000000000000e+05 2.238987169485247080e+02 2.000000000000000000e+00 1.200000000000000000e+02 6.000000000000000000e+01 1.500000000000000000e+02 8.846233019418406882e-06 1.954241108643891475e-06 2.351214717890447048e+01 2.519901783899050951e+00 1.019213451641194013e+01 2.164412353269379530e+00 7.224122156699498198e+00
0.000000000000000000e+00 1.080730000000000000e+05 2.586557987144674939e+02 2.000000000000000000e+00 1.200000000000000000e+02 6.000000000000000000e+01 1.500000000000000000e+02 2.563818256837620364e-06 8.098601242361569682e-07 -1.763677203179652597e+00 2.274258351917097443e+01 5.369018508095010134e+01 2.270983422435437760e+01 7.817651301622390747e+00
0.000000000000000000e+00 1.080740000000000000e+05 3.207854518114875759e+02 2.000000000000000000e+00 1.200000000000000000e+02 6.000000000000000000e+01 1.500000000000000000e+02 2.096092621112457550e-06 8.613488325003893907e-07 -1.767133314301385028e+01 6.596401216396665177e+02 3.225289212878965941e+02 3.982321312062736979e+03 8.680910746256509825e+00
0.000000000000000000e+00 1.080750000000000000e+05 1.277901204437561375e+02 2.000000000000000000e+00 1.200000000000000000e+02 6.000000000000000000e+01 1.200000000000000000e+02 2.568621634247205960e-04 8.871801696110100444e-06 1.650180625891806363e+00 3.804506271427290920e-01 1.452747148583085135e+01 3.311881824813575625e-01 5.500828315814335845e+00
0.000000000000000000e+00 1.080760000000000000e+05 1.548296460999590920e+02 2.000000000000000000e+00 1.200000000000000000e+02 6.000000000000000000e+01 1.200000000000000000e+02 6.903518539416879959e-05 5.233285993170898057e-06 5.080956180190168148e+00 6.487610888831926159e-01 1.156730831486594901e+01 5.756656524664918173e-01 6.049688210090001128e+00
0.000000000000000000e+00 1.080770000000000000e+05 4.025448682788778143e+01 2.000000000000000000e+00 1.200000000000000000e+02 1.200000000000000000e+02 6.000000000000000000e+01 3.653856210535876697e-02 2.997921209408605219e-04 5.888044143266909017e-03 9.124416236921032916e-03 1.426523124660449504e+00 7.514304606737336883e-03 3.091744561990102280e+00
0.000000000000000000e+00 1.080780000000000000e+05 5.035257631631036190e+01 2.000000000000000000e+00 1.200000000000000000e+02 1.200000000000000000e+02 6.000000000000000000e+01 2.088551342413225848e-02 1.896741792086475964e-04 -1.279291897376216847e-02 1.480436413898308760e-02 2.075543187072832918e+00 1.187864374455182247e-02 3.457644353310266983e+00
0.000000000000000000e+00 1.080790000000000000e+05 8.013866640728350532e+00 2.000000000000000000e+00 1.200000000000000000e+02 1.200000000000000000e+02 3.000000000000000000e+01 2.566976271594784698e-01 2.414979187125550122e-03 -6.597737378809515052e-02 1.007126378794137014e-03 1.460503584254039533e-01 7.746245316171726080e-04 1.380065597593784332e+00
0.000000000000000000e+00 1.080800000000000000e+05 1.001451141441215320e+01 2.000000000000000000e+00 1.200000000000000000e+02 1.200000000000000000e+02 3.000000000000000000e+01 2.407156665143848351e-01 1.986789071726141175e-03 -6.512284702814943871e-02 1.224043903549420576e-03 1.968827600104874342e-01 9.521852774238924845e-04 1.542782507836818695e+00
0.000000000000000000e+00 1.080810000000000000e+05 1.202760886608427882e+01 2.000000000000000000e+00 1.200000000000000000e+02 1.200000000000000000e+02 3.000000000000000000e+01 2.243140110319397362e-01 1.632558879818488996e-03 -5.238987412528555571e-02 1.461127755575201363e-03 2.524047452380490664e-01 1.079746280261482992e-03 1.690619684755802155e+00
0.000000000000000000e+00 1.080820000000000000e+05 1.503384954963524756e+01 2.000000000000000000e+00 1.200000000000000000e+02 1.200000000000000000e+02 3.000000000000000000e+01 1.647287382670857836e-01 1.213303582196338876e-03 -5.602885799569480574e-02 1.992092636881052231e-03 3.428990083288788737e-01 1.479877626337237385e-03 1.890136234462261200e+00
0.000000000000000000e+00 1.080830000000000000e+05 2.004452310422706773e+01 2.000000000000000000e+00 1.200000000000000000e+02 1.200000000000000000e+02 3.000000000000000000e+01 1.237634447636681012e-01 8.734863391184754123e-04 -5.523508154798979775e-02 2.823297725756092596e-03 5.017802324224448496e-01 2.114387915279210186e-03 2.182514220476150513e+00
0.000000000000000000e+00 1.080840000000000000e+05 1.000306185125197267e+01 2.000000000000000000e+00 1.200000000000000000e+02 2.400000000000000000e+02 3.000000000000000000e+01 1.530472792167413831e-01 1.893674310210963392e-03 -5.166815776505587210e-02 1.328565583774041128e-03 1.280689336733050465e-01 8.634074034528531122e-04 1.542061321437358856e+00
0.000000000000000000e+00 1.080850000000000000e+05 1.200099415212022436e+01 2.000000000000000000e+00 1.200000000000000000e+02 2.400000000000000000e+02 3.000000000000000000e+01 2.389212265854239181e-01 2.079849155653046809e-03 -5.966236243341119933e-02 1.182132011443705376e-03 1.740693183790939236e-01 8.625916362718399118e-04 1.689089365303516388e+00
0.000000000000000000e+00 1.080860000000000000e+05 1.500032518771641499e+01 2.000000000000000000e+00 1.200000000000000000e+02 2.400000000000000000e+02 3.000000000000000000e+01 2.925124949251047823e-01 1.932814961380882168e-03 -5.466840153034732003e-02 1.253670642147062218e-03 2.378754228510710500e-01 8.994998847065593158e-04 1.888412103056907654e+00
0.000000000000000000e+00 1.080870000000000000e+05 1.999988429833473091e+01 2.000000000000000000e+00 1.200000000000000000e+02 2.400000000000000000e+02 3.000000000000000000e+01 3.302415627676032472e-01 1.634141247132207689e-03 -3.621886552299516393e-02 1.484756427092782200e-03 3.621451641823046907e-01 1.047008024679077021e-03 2.180525918801625718e+00
0.000000000000000000e+00 1.080880000000000000e+05 2.501800942101655778e+01 2.000000000000000000e+00 1.200000000000000000e+02 2.400000000000000000e+02 6.000000000000000000e+01 3.106519545189440068e-01 1.354372354385838337e-03 -2.115430535179237907e-03 1.794548868108741986e-03 4.835651938263767491e-01 1.223797641953416632e-03 2.438625564177831162e+00
0.000000000000000000e+00 1.080890000000000000e+05 9.980077761429312133e+00 2.000000000000000000e+00 1.200000000000000000e+02 3.000000000000000000e+02 3.000000000000000000e+01 1.156934866997021659e-02 5.880855910531661724e-04 -6.284437170151160879e-02 4.805933852153797259e-03 1.126042517292134698e-01 3.237372341850348022e-03 1.540612272918224335e+00
0.000000000000000000e+00 1.080900000000000000e+05 1.199115161980798838e+01 2.000000000000000000e+00 1.200000000000000000e+02 3.000000000000000000e+02 3.000000000000000000e+01 5.661681223526755791e-02 1.107763120363860045e-03 -5.816724446894152439e-02 2.415137373672116179e-03 1.419503704102355601e-01 1.568841264199100603e-03 1.688523069024085999e+00
0.000000000000000000e+00 1.080910000000000000e+05 1.498788711457869205e+01 2.000000000000000000e+00 1.200000000000000000e+02 3.000000000000000000e+02 3.000000000000000000e+01 1.332135208584585284e-01 1.407341122892321857e-03 -5.731129130958497603e-02 1.787050577479475143e-03 2.117305522859762867e-01 1.301559537431510845e-03 1.887772023677825928e+00
0.000000000000000000e+00 1.080920000000000000e+05 1.998824932080182037e+01 2.000000000000000000e+00 1.200000000000000000e+02 3.000000000000000000e+02 3.000000000000000000e+01 2.360153383512303416e-01 1.460872420233424659e-03 -3.701079748249869877e-02 1.679631220806045546e-03 3.270521032234482983e-01 1.205890887950016727e-03 2.180007343490918625e+00
0.000000000000000000e+00 1.080930000000000000e+05 2.499664713812329708e+01 2.000000000000000000e+00 1.200000000000000000e+02 3.000000000000000000e+02 6.000000000000000000e+01 2.782302516348653110e-01 1.338015929203000692e-03 -8.282365359108199640e-03 1.838825216934979623e-03 4.473148108885799390e-01 1.268731201509023165e-03 2.437774245937665452e+00
0.000000000000000000e+00 1.080940000000000000e+05 2.998941964432460594e+01 2.000000000000000000e+00 1.200000000000000000e+02 3.000000000000000000e+02 6.000000000000000000e+01 2.754298020339750463e-01 1.185148391193424893e-03 -1.382366336475757303e-02 2.092057632977786970e-03 5.716981774399297889e-01 1.429331569827344429e-03 2.670209293564160813e+00
0.000000000000000000e+00 1.080950000000000000e+05 4.002039195116214643e+01 2.000000000000000000e+00 1.200000000000000000e+02 3.000000000000000000e+02 6.000000000000000000e+01 2.217359309557940528e-01 8.876235184119749509e-04 8.541433829587153498e-03 2.845728927875296188e-03 8.328427936763220796e-01 1.911371846281243684e-03 3.084379007418950547e+00
0.000000000000000000e+00 1.080960000000000000e+05 5.007351819218890654e+01 2.000000000000000000e+00 1.200000000000000000e+02 3.000000000000000000e+02 6.000000000000000000e+01 1.631928171359486035e-01 6.715298846413783000e-04 6.699799498955875954e-02 3.911765749800935089e-03 1.119030334899629109e+00 2.655062006425506962e-03 3.449793790777524460e+00
0.000000000000000000e+00 1.080970000000000000e+05 6.010413714476405289e+01 2.000000000000000000e+00 1.200000000000000000e+02 3.000000000000000000e+02 9.000000000000000000e+01 1.145300181256088262e-01 5.095570370172754215e-04 4.671165034774528435e-02 5.311662525387871210e-03 1.422711167055027204e+00 3.755557499562763198e-03 3.779468874136606704e+00
0.000000000000000000e+00 1.080980000000000000e+05 7.011106205586608553e+01 2.000000000000000000e+00 1.200000000000000000e+02 3.000000000000000000e+02 9.000000000000000000e+01 7.938374473185820512e-02 3.930051423425036513e-04 2.720852753559985238e-02 7.092132481237618455e-03 1.726831134810346224e+00 5.036050648146432607e-03 4.082044795155525208e+00
0.000000000000000000e+00 1.080990000000000000e+05 8.019934604701373360e+01 2.000000000000000000e+00 1.200000000000000000e+02 3.000000000000000000e+02 9.000000000000000000e+01 5.398908369678807190e-02 3.039067080806392616e-04 1.036473679568146178e-01 9.462154873734831412e-03 2.029729616487343513e+00 6.818755358550774269e-03 4.365501413742701509e+00
0.000000000000000000e+00 1.081000000000000000e+05 9.030159967837680313e+01 2.000000000000000000e+00 1.200000000000000000e+02 3.000000000000000000e+02 9.000000000000000000e+01 3.705842057387156996e-02 2.396907547827269917e-04 2.172562190294932138e-01 1.241151330647286520e-02 2.333983366464733145e+00 8.995108756236644409e-03 4.631936172644297578e+00
0.000000000000000000e+00 1.081010000000000000e+05 1.001722090437136501e+02 2.000000000000000000e+00 1.200000000000000000e+02 3.000000000000000000e+02 1.200000000000000000e+02 2.608723543685044499e-02 1.936641635138507556e-04 1.051880533744941337e-01 1.559283422141914677e-02 2.594202649730632082e+00 1.178237295811766609e-02 4.879246274630228974e+00
0.000000000000000000e+00 1.081020000000000000e+05 1.254068040099167831e+02 2.000000000000000000e+00 1.200000000000000000e+02 3.000000000000000000e+02 1.200000000000000000e+02 1.137608315185666651e-02 1.188785763946541697e-04 4.405183059880038443e-01 2.641762238174839156e-02 3.142267833569632351e+00 2.014114513561421696e-02 5.458573857943217256e+00
0.000000000000000000e+00 1.081030000000000000e+05 1.503184839446528827e+02 2.000000000000000000e+00 1.200000000000000000e+02 3.000000000000000000e+02 1.200000000000000000e+02 6.048585154327467892e-03 8.292500038192263925e-05 3.888639862493590837e-01 3.967625242603035896e-02 3.608032218018102810e+00 3.087709323804402328e-02 5.976810405651728608e+00
0.000000000000000000e+00 1.081040000000000000e+05 2.004310258641858411e+02 2.000000000000000000e+00 1.200000000000000000e+02 3.000000000000000000e+02 1.500000000000000000e+02 2.233424014153315585e-03 4.530695914530671274e-05 6.792562095582765913e-01 7.793046010734201723e-02 4.792630198708319078e+00 6.116609477060280103e-02 6.901515940825144746e+00
0.000000000000000000e+00 1.081050000000000000e+05 2.517644604108834301e+02 2.000000000000000000e+00 1.200000000000000000e+02 3.000000000000000000e+02 1.500000000000000000e+02 1.108105674871545437e-03 2.911139722090244769e-05 1.725030000790206630e+00 1.303205372617285418e-01 6.199228744267353264e+00 1.040100427859423499e-01 7.731547564268112183e+00
0.000000000000000000e+00 1.081060000000000000e+05 3.021057251857677670e+02 2.000000000000000000e+00 1.200000000000000000e+02 3.000000000000000000e+02 1.500000000000000000e+02 5.814862672409112400e-04 1.891129812707969667e-05 3.095848571264568250e+00 2.179557306154438490e-01 8.913408221298903200e+00 1.937277239367086179e-01 8.469352960586547852e+00
0.000000000000000000e+00 1.081070000000000000e+05 4.041183000294779504e+02 2.000000000000000000e+00 1.200000000000000000e+02 3.000000000000000000e+02 1.800000000000000000e+02 2.495804237096199132e-04 9.476959956805073549e-06 7.443496044681741530e+00 4.703938331063067246e-01 1.622362847930104124e+01 4.069764571908028317e-01 9.792578121026357607e+00
0.000000000000000000e+00 1.081080000000000000e+05 5.074527264452026998e+02 2.000000000000000000e+00 1.200000000000000000e+02 3.000000000000000000e+02 1.800000000000000000e+02 1.563332923743888144e-04 7.027294286976135445e-06 1.257007523276419825e+01 6.768992408259724147e-01 1.954461122093413294e+01 5.652045120654775046e-01 1.096886891126632690e+01
0.000000000000000000e+00 1.081090000000000000e+05 4.022047966868396429e+02 2.000000000000000000e+00 1.200000000000000000e+02 3.600000000000000000e+02 1.800000000000000000e+02 4.228505299199589390e-04 1.185655005297964505e-05 5.390907225055085128e+00 3.761888743840544613e-01 1.752843302263629610e+01 3.167871883216064610e-01 9.773575445016225771e+00
0.000000000000000000e+00 1.081100000000000000e+05 5.044189195967260275e+02 2.000000000000000000e+00 1.200000000000000000e+02 3.600000000000000000e+02 1.800000000000000000e+02 2.976545889981203571e-04 9.811608072127712938e-06 9.193956050442560368e+00 4.896479475607777854e-01 1.922773042540571709e+01 4.026893060989774620e-01 1.094196480512619019e+01
0.000000000000000000e+00 1.081110000000000000e+05 2.005737816657623398e+02 2.000000000000000000e+00 1.200000000000000000e+02 3.600000000000000000e+02 1.500000000000000000e+02 3.304486760198983332e-03 5.441114021356544694e-05 8.655487961316251644e-01 6.496727909437696735e-02 4.953612400042023189e+00 5.136677494247934156e-02 6.903525104125340484e+00
0.000000000000000000e+00 1.081120000000000000e+05 2.510444293430469429e+02 2.000000000000000000e+00 1.200000000000000000e+02 3.600000000000000000e+02 1.500000000000000000e+02 1.649125929276966124e-03 3.462369000026751115e-05 1.341279092763360659e+00 1.107912761495985637e-01 6.857434437505184555e+00 9.274097540936000750e-02 7.722494075695673921e+00
0.000000000000000000e+00 1.081130000000000000e+05 3.009839662667557718e+02 2.000000000000000000e+00 1.200000000000000000e+02 3.600000000000000000e+02 1.500000000000000000e+02 9.898474943109264717e-04 2.475395261541512770e-05 2.232936799609452017e+00 1.690506282012258776e-01 8.967109345574433732e+00 1.503418913612689367e-01 8.456474035978317261e+00
0.000000000000000000e+00 1.081140000000000000e+05 1.000654553650145004e+02 2.000000000000000000e+00 1.200000000000000000e+02 3.600000000000000000e+02 1.200000000000000000e+02 3.606336063395138014e-02 2.308912861075067952e-04 9.063321415227100150e-03 1.296173847036432604e-02 2.471458180561736828e+00 9.666730570821735480e-03 4.877120176951090791e+00
0.000000000000000000e+00 1.081150000000000000e+05 1.251663153653708207e+02 2.000000000000000000e+00 1.200000000000000000e+02 3.600000000000000000e+02 1.200000000000000000e+02 1.679411250233682137e-02 1.456921844525868310e-04 1.353458813184892917e-01 2.146217405085863728e-02 3.079269100092896672e+00 1.642836195787448356e-02 5.454291701316833496e+00
0.000000000000000000e+00 1.081160000000000000e+05 1.501465484373169943e+02 2.000000000000000000e+00 1.200000000000000000e+02 3.600000000000000000e+02 1.200000000000000000e+02 8.958881704670434987e-03 1.010265817489801565e-04 3.920986608503709281e-01 3.272088478059105576e-02 3.607666997845359713e+00 2.534216253013289039e-02 5.974014282226562500e+00
0.000000000000000000e+00 1.081170000000000000e+05 5.998128678645797152e+01 2.000000000000000000e+00 1.200000000000000000e+02 3.600000000000000000e+02 9.000000000000000000e+01 1.336554154621653334e-01 5.672651409904204672e-04 -3.785684269573787175e-02 4.760436795209519595e-03 1.342355475131582043e+00 3.318446638225475576e-03 3.776309212048848618e+00
0.000000000000000000e+00 1.081180000000000000e+05 7.002081998565338949e+01 2.000000000000000000e+00 1.200000000000000000e+02 3.600000000000000000e+02 9.000000000000000000e+01 9.996024083971795371e-02 4.543388573684975810e-04 -1.270966273684969111e-03 6.129869258662443490e-03 1.618481595425869113e+00 4.337051613969100140e-03 4.079895903666813872e+00
0.000000000000000000e+00 1.081190000000000000e+05 8.010571509332974927e+01 2.000000000000000000e+00 1.200000000000000000e+02 3.600000000000000000e+02 9.000000000000000000e+01 7.007625737590184034e-02 3.528408825717995411e-04 1.039211673123513757e-01 8.086358935920027330e-03 1.926844860495113831e+00 5.795493764291698158e-03 4.363417019446690581e+00
0.000000000000000000e+00 1.081200000000000000e+05 9.005139331911667000e+01 2.000000000000000000e+00 1.200000000000000000e+02 3.600000000000000000e+02 9.000000000000000000e+01 5.028230386703171767e-02 2.860356978018907276e-04 -3.763100568393438778e-03 1.029263437530373096e-02 2.203030241762411023e+00 7.516544357990297132e-03 4.626684308052062988e+00
0.000000000000000000e+00 1.081210000000000000e+05 2.496145435350899433e+01 2.000000000000000000e+00 1.200000000000000000e+02 3.600000000000000000e+02 6.000000000000000000e+01 1.676911035107269410e-01 1.090038458149170933e-03 -3.950938307599806409e-02 2.284407213938376580e-03 4.184728120342988134e-01 1.620970883531731941e-03 2.436371122797330369e+00
0.000000000000000000e+00 1.081220000000000000e+05 2.996270501318090496e+01 2.000000000000000000e+00 1.200000000000000000e+02 3.600000000000000000e+02 6.000000000000000000e+01 2.079793536996810688e-01 1.071549537595527322e-03 -2.422450154348833665e-02 2.334937864235877777e-03 5.293367450161879928e-01 1.624416639495916779e-03 2.669236962993939866e+00
0.000000000000000000e+00 1.081230000000000000e+05 3.997968966750845965e+01 2.000000000000000000e+00 1.200000000000000000e+02 3.600000000000000000e+02 6.000000000000000000e+01 2.081187880321837269e-01 8.825633322782406752e-04 4.293406939826074215e-03 2.887541670103780170e-03 7.925011062448314991e-01 1.965429117224342520e-03 3.083096573750177871e+00
0.000000000000000000e+00 1.081240000000000000e+05 5.002196651952667139e+01 2.000000000000000000e+00 1.200000000000000000e+02 3.600000000000000000e+02 6.000000000000000000e+01 1.725230754817425050e-01 7.041308503630077341e-04 6.052387013313645370e-02 3.742347029265653737e-03 1.061816859091564647e+00 2.512292457028888863e-03 3.448341324925422668e+00
0.000000000000000000e+00 1.081250000000000000e+05 1.195301775758435880e+01 2.000000000000000000e+00 1.200000000000000000e+02 3.600000000000000000e+02 3.000000000000000000e+01 5.765554952364595032e+10 2.923389161822297500e+14 -1.718722497769798565e+02 2.496604399746576019e+04 2.066876662620016702e+01 1.504243775547806536e+03 1.686327092349529266e+00
0.000000000000000000e+00 1.081260000000000000e+05 1.496545523761441743e+01 2.000000000000000000e+00 1.200000000000000000e+02 3.600000000000000000e+02 3.000000000000000000e+01 1.718118207857532651e-02 5.582569714628469364e-04 -5.932847254613746180e-02 4.928277498368913850e-03 1.749298155631269780e-01 3.373989044271297980e-03 1.886616952717304230e+00
0.000000000000000000e+00 1.081270000000000000e+05 1.997573365185645855e+01 2.000000000000000000e+00 1.200000000000000000e+02 3.600000000000000000e+02 3.000000000000000000e+01 9.519789245212190165e-02 9.798309501292132642e-04 -2.381316746455358277e-02 2.611120255329113949e-03 2.921468784725897438e-01 1.863486338312027833e-03 2.179449508587519180e+00
0.000000000000000000e+00 1.081290000000000000e+05 1.991843279348679019e+01 2.000000000000000000e+00 1.200000000000000000e+02 4.200000000000000000e+02 3.000000000000000000e+01 1.287773425487936593e-02 3.918106458453291798e-04 -1.137620459634378633e-01 6.964001288060601459e-03 2.711785936151852594e-01 4.686679503887713691e-03 2.176893264055252075e+00
0.000000000000000000e+00 1.081300000000000000e+05 2.495136946681018841e+01 2.000000000000000000e+00 1.200000000000000000e+02 4.200000000000000000e+02 6.000000000000000000e+01 5.888453162754821862e-02 6.798712571756615952e-04 -3.038507530131541456e-02 3.794011069666592718e-03 3.736701835448330566e-01 2.687450221526597495e-03 2.435968836148580063e+00
0.000000000000000000e+00 1.081310000000000000e+05 2.994705961968076480e+01 2.000000000000000000e+00 1.200000000000000000e+02 4.200000000000000000e+02 6.000000000000000000e+01 1.082675858361975135e-01 8.042817262732121497e-04 -3.097999560607242811e-02 3.182388876661878477e-03 5.012577728570917213e-01 2.250770693424327968e-03 2.668667405843734741e+00
0.000000000000000000e+00 1.081320000000000000e+05 3.995296183457485029e+01 2.000000000000000000e+00 1.200000000000000000e+02 4.200000000000000000e+02 6.000000000000000000e+01 1.543604655471958464e-01 7.783268872071963558e-04 -6.982236353828006996e-03 3.303269341290146488e-03 7.545071514446235472e-01 2.267122012442608463e-03 3.082254206140836228e+00
0.000000000000000000e+00 1.081330000000000000e+05 4.995785128758100058e+01 2.000000000000000000e+00 1.200000000000000000e+02 4.200000000000000000e+02 6.000000000000000000e+01 1.528227356201406761e-01 6.818829543074511786e-04 6.824892431893147919e-03 3.868837701251109235e-03 1.014069676554389732e+00 2.676186456140091079e-03 3.446534444888432969e+00
0.000000000000000000e+00 1.081340000000000000e+05 5.993525698311318450e+01 2.000000000000000000e+00 1.200000000000000000e+02 4.200000000000000000e+02 9.000000000000000000e+01 1.295599488396908527e-01 5.744198210516406880e-04 -4.987913303726142222e-02 4.748677798519800389e-03 1.282462224157511210e+00 3.343907185356136385e-03 3.775124500195185195e+00
0.000000000000000000e+00 1.081350000000000000e+05 6.996999004384139198e+01 2.000000000000000000e+00 1.200000000000000000e+02 4.200000000000000000e+02 9.000000000000000000e+01 1.039728321703554809e-01 4.696586094094593869e-04 -1.462657062969513130e-02 5.893952536745852670e-03 1.563028420355705217e+00 4.170045941379268636e-03 4.078685134649276733e+00
0.000000000000000000e+00 1.081360000000000000e+05 7.995273858816418056e+01 2.000000000000000000e+00 1.200000000000000000e+02 4.200000000000000000e+02 9.000000000000000000e+01 7.766828550750264071e-02 3.809033196821729134e-04 -4.705589274749325673e-02 7.491745089556059792e-03 1.839451592487276965e+00 5.334697042596057114e-03 4.360009143749873139e+00
0.000000000000000000e+00 1.081370000000000000e+05 9.003362717476497323e+01 2.000000000000000000e+00 1.200000000000000000e+02 4.200000000000000000e+02 9.000000000000000000e+01 5.748186504468495023e-02 3.093090758678690238e-04 1.021727539178629157e-01 9.451209356269143005e-03 2.139449090841074597e+00 7.007311793161686946e-03 4.626311331987380981e+00
0.000000000000000000e+00 1.081380000000000000e+05 1.000424463309172864e+02 2.000000000000000000e+00 1.200000000000000000e+02 4.200000000000000000e+02 1.200000000000000000e+02 4.341465871434119217e-02 2.584378840903045244e-04 8.495584183248011678e-02 1.164239522874470877e-02 2.387264777868040255e+00 8.538455695420206146e-03 4.876661539077758789e+00
0.000000000000000000e+00 1.081390000000000000e+05 1.250899996305869308e+02 2.000000000000000000e+00 1.200000000000000000e+02 4.200000000000000000e+02 1.200000000000000000e+02 2.136252761139351489e-02 1.670370153075969937e-04 1.916984088481845094e-01 1.881592705617006478e-02 3.003297380472308653e+00 1.441965014378697972e-02 5.452931433916091919e+00
0.000000000000000000e+00 1.081400000000000000e+05 1.501465828214417115e+02 2.000000000000000000e+00 1.200000000000000000e+02 4.200000000000000000e+02 1.200000000000000000e+02 1.192727778762842951e-02 1.165830825453025753e-04 3.619809206993637729e-01 2.819172737580750640e-02 3.598014390291424114e+00 2.191041620867622414e-02 5.974014927943547271e+00
0.000000000000000000e+00 1.081410000000000000e+05 2.001781176408173621e+02 2.000000000000000000e+00 1.200000000000000000e+02 4.200000000000000000e+02 1.500000000000000000e+02 4.772545291164307507e-03 6.628867686574692266e-05 6.375231534748754259e-01 5.330717064200896083e-02 4.780880657604065220e+00 4.223808962733091588e-02 6.897954324881236055e+00
0.000000000000000000e+00 1.081420000000000000e+05 2.509139297028747535e+02 2.000000000000000000e+00 1.200000000000000000e+02 4.200000000000000000e+02 1.500000000000000000e+02 2.550241211427016052e-03 4.372894588152859830e-05 1.698533351805825431e+00 8.725576616365772475e-02 6.483771728033849158e+00 7.050913259382522724e-02 7.720851719379425049e+00
0.000000000000000000e+00 1.081430000000000000e+05 3.008719084970351219e+02 2.000000000000000000e+00 1.200000000000000000e+02 4.200000000000000000e+02 1.500000000000000000e+02 1.183313073596503747e-03 2.494556216031855599e-05 2.444330596654436416e+00 1.736999745905458969e-01 1.144471661875235391e+01 1.703700013870638463e-01 8.455186714728673891e+00
0.000000000000000000e+00 1.081440000000000000e+05 4.015576068241145435e+02 2.000000000000000000e+00 1.200000000000000000e+02 4.200000000000000000e+02 1.800000000000000000e+02 6.518722857116896136e-04 1.487877617889878279e-05 5.515672528607583835e+00 3.011235194979274832e-01 1.737882981323353349e+01 2.570801523298625879e-01 9.767138918240865664e+00
0.000000000000000000e+00 1.081450000000000000e+05 5.016062880467760579e+02 2.000000000000000000e+00 1.200000000000000000e+02 4.200000000000000000e+02 1.800000000000000000e+02 4.629626110008299312e-04 1.208535054393499161e-05 7.288110165131912233e+00 3.914754686105432202e-01 1.954304011627495896e+01 3.215714102556501697e-01 1.091696139176686664e+01
0.000000000000000000e+00 1.081460000000000000e+05 4.012646810486768914e+02 2.000000000000000000e+00 1.200000000000000000e+02 4.800000000000000000e+02 1.800000000000000000e+02 9.464060492660581435e-04 1.850218720084655672e-05 5.534161596802999128e+00 2.418116930477632043e-01 1.624131833135067637e+01 2.060553258520383124e-01 9.764224867026010557e+00
0.000000000000000000e+00 1.081470000000000000e+05 5.025760325397833981e+02 2.000000000000000000e+00 1.200000000000000000e+02 4.800000000000000000e+02 1.800000000000000000e+02 6.633595287095900815e-04 1.443883707742820085e-05 8.484520114468514507e+00 3.322950531041332090e-01 1.995548237352222998e+01 2.756210673295650393e-01 1.092558948198954205e+01
0.000000000000000000e+00 1.081480000000000000e+05 2.001062462539113938e+02 2.000000000000000000e+00 1.200000000000000000e+02 4.800000000000000000e+02 1.500000000000000000e+02 6.315176085633675100e-03 7.798925532425742501e-05 6.846972247862547212e-01 4.590476409198319951e-02 4.613343533336308866e+00 3.654642236427809582e-02 6.896941930055618286e+00
0.000000000000000000e+00 1.081490000000000000e+05 2.504667118285497907e+02 2.000000000000000000e+00 1.200000000000000000e+02 4.800000000000000000e+02 1.500000000000000000e+02 3.431281864605287540e-03 5.124766283895159226e-05 1.439574602670427250e+00 7.470627324524443946e-02 6.354957378183137884e+00 6.005184597827897125e-02 7.715221683184306123e+00
0.000000000000000000e+00 1.081500000000000000e+05 3.004453818123624274e+02 2.000000000000000000e+00 1.200000000000000000e+02 4.800000000000000000e+02 1.500000000000000000e+02 1.855457353665398643e-03 3.263535591879168749e-05 2.552250689446157850e+00 1.297910032603437347e-01 9.967037517823992943e+00 1.206707665730337720e-01 8.450283716122308775e+00
0.000000000000000000e+00 1.081510000000000000e+05 9.994277441347874458e+01 2.000000000000000000e+00 1.200000000000000000e+02 4.800000000000000000e+02 1.200000000000000000e+02 4.535777717202367498e-02 2.674019518560548153e-04 3.795681360111692170e-03 1.117269991862589011e-02 2.331344197444019439e+00 8.368004856649078130e-03 4.874675184488296509e+00
0.000000000000000000e+00 1.081520000000000000e+05 1.249183497846071305e+02 2.000000000000000000e+00 1.200000000000000000e+02 4.800000000000000000e+02 1.200000000000000000e+02 2.422886002929157054e-02 1.806032983077862338e-04 8.671844827002360423e-02 1.756083650267361781e-02 2.930013741865814758e+00 1.370398128833099499e-02 5.449872096379597686e+00
0.000000000000000000e+00 1.081530000000000000e+05 1.499042527014097459e+02 2.000000000000000000e+00 1.200000000000000000e+02 4.800000000000000000e+02 1.200000000000000000e+02 1.463602056464802584e-02 1.324753270073062512e-04 2.863696963325879641e-01 2.482307768913475168e-02 3.415565414855905146e+00 1.944479716360110466e-02 5.970072189966837861e+00
0.000000000000000000e+00 1.081540000000000000e+05 5.996665838744585386e+01 2.000000000000000000e+00 1.200000000000000000e+02 4.800000000000000000e+02 9.000000000000000000e+01 1.072386224855197967e-01 5.224251323432425658e-04 6.582375678164707755e-02 5.216311266971632686e-03 1.249999520119328578e+00 3.553990770313520797e-03 3.775932659705480088e+00
0.000000000000000000e+00 1.081550000000000000e+05 6.996646765311841420e+01 2.000000000000000000e+00 1.200000000000000000e+02 4.800000000000000000e+02 9.000000000000000000e+01 9.305946553647770347e-02 4.485142780359170525e-04 6.435088008571786256e-02 6.244847162027198501e-03 1.525973340831753067e+00 4.403007011088555002e-03 4.078601414958636262e+00
0.000000000000000000e+00 1.081560000000000000e+05 8.002251284257501140e+01 2.000000000000000000e+00 1.200000000000000000e+02 4.800000000000000000e+02 9.000000000000000000e+01 7.423841429624540578e-02 3.742491657732025120e-04 1.577087171849516356e-01 7.696377452220055579e-03 1.801300910514125109e+00 5.410763830340316327e-03 4.361563891172409058e+00
0.000000000000000000e+00 1.081570000000000000e+05 8.995561440274993004e+01 2.000000000000000000e+00 1.200000000000000000e+02 4.800000000000000000e+02 9.000000000000000000e+01 5.873253707590662953e-02 3.177331724159364562e-04 3.445216563953991395e-02 9.210951408824394684e-03 2.063839528174496341e+00 6.803877453488705630e-03 4.624672542015711763e+00
0.000000000000000000e+00 1.081580000000000000e+05 2.496706967333387794e+01 2.000000000000000000e+00 1.200000000000000000e+02 4.800000000000000000e+02 6.000000000000000000e+01 7.382717028732810848e-03 2.471703904523691198e-04 4.059327024102140496e-02 1.071944192277239812e-02 3.415716541885058244e-01 7.759943283247952052e-03 2.436595067381858826e+00
0.000000000000000000e+00 1.081590000000000000e+05 2.992599892597604594e+01 2.000000000000000000e+00 1.200000000000000000e+02 4.800000000000000000e+02 6.000000000000000000e+01 3.312652908278029829e-02 4.681056307297981611e-04 -3.334188844548560682e-02 5.686292656280005076e-03 4.492621373669999918e-01 3.922261502698441704e-03 2.667900453011194717e+00
0.000000000000000000e+00 1.081600000000000000e+05 3.992314453974617550e+01 2.000000000000000000e+00 1.200000000000000000e+02 4.800000000000000000e+02 6.000000000000000000e+01 8.749770951048120582e-02 6.042403354791584793e-04 -4.605326277214971328e-03 4.322927888206610537e-03 7.152750787723293202e-01 2.983988905295752777e-03 3.081314121683438767e+00
0.000000000000000000e+00 1.081610000000000000e+05 4.993774124772861001e+01 2.000000000000000000e+00 1.200000000000000000e+02 4.800000000000000000e+02 6.000000000000000000e+01 1.110509642714304912e-01 5.924521906730601710e-04 8.679228849674642046e-03 4.492452509546603773e-03 9.788341649409190159e-01 3.079801898923331237e-03 3.445967336495717515e+00
0.000000000000000000e+00 1.081620000000000000e+05 2.993285127055364825e+01 2.000000000000000000e+00 1.200000000000000000e+02 5.400000000000000000e+02 6.000000000000000000e+01 2.672734977390569481e-03 1.274773858484660517e-04 -6.703847367204465724e-02 2.044882998779752950e-02 4.931746579522526819e-01 1.453027505540695728e-02 2.668149967988332261e+00
0.000000000000000000e+00 1.081630000000000000e+05 3.994011894919917438e+01 2.000000000000000000e+00 1.200000000000000000e+02 5.400000000000000000e+02 6.000000000000000000e+01 3.245467843460705243e-02 3.696986279646503415e-04 1.142398146281115023e-02 7.131250365950045009e-03 7.040965595202302030e-01 4.797155486681870147e-03 3.081849311788876999e+00
0.000000000000000000e+00 1.081640000000000000e+05 4.991146278959820393e+01 2.000000000000000000e+00 1.200000000000000000e+02 5.400000000000000000e+02 6.000000000000000000e+01 6.327875788246317690e-02 4.557216361942745307e-04 -3.080351285595357962e-03 5.892090635051001370e-03 9.477884889931557089e-01 4.076692889152983695e-03 3.445226276914278518e+00
0.000000000000000000e+00 1.081650000000000000e+05 5.985457587057379669e+01 2.000000000000000000e+00 1.200000000000000000e+02 5.400000000000000000e+02 9.000000000000000000e+01 7.643290530454156795e-02 4.536538301442034752e-04 -7.973839270209709396e-02 6.013569658212061970e-03 1.204284484071696415e+00 4.243406246263530315e-03 3.773047258456548203e+00
0.000000000000000000e+00 1.081660000000000000e+05 6.990359451483212183e+01 2.000000000000000000e+00 1.200000000000000000e+02 5.400000000000000000e+02 9.000000000000000000e+01 7.420319223730224845e-02 4.091502062184508961e-04 9.000605245236664373e-03 6.856005604516986901e-03 1.469393779771398512e+00 4.787767399015398044e-03 4.077103336652119658e+00
0.000000000000000000e+00 1.081670000000000000e+05 8.002017196092560880e+01 2.000000000000000000e+00 1.200000000000000000e+02 5.400000000000000000e+02 9.000000000000000000e+01 6.411227939955557731e-02 3.526281049639788732e-04 1.983908215547597886e-01 8.218037805022428144e-03 1.733713657704314404e+00 5.651290453249586954e-03 4.361511766910552979e+00
0.000000000000000000e+00 1.081680000000000000e+05 8.998314265953351310e+01 2.000000000000000000e+00 1.200000000000000000e+02 5.400000000000000000e+02 9.000000000000000000e+01 5.227725961753412059e-02 3.015085980506392580e-04 1.593245960890955493e-01 9.740378359351306581e-03 2.004402483419559289e+00 7.012225414118075303e-03 4.625250736872355439e+00
0.000000000000000000e+00 1.081690000000000000e+05 9.994540533823027317e+01 2.000000000000000000e+00 1.200000000000000000e+02 5.400000000000000000e+02 1.200000000000000000e+02 4.301995010067458797e-02 2.633143823387586418e-04 6.561322247872028446e-02 1.142548038616584584e-02 2.270640277389086581e+00 8.481718990476528122e-03 4.874727626641591094e+00
0.000000000000000000e+00 1.081700000000000000e+05 1.249539292274902635e+02 2.000000000000000000e+00 1.200000000000000000e+02 5.400000000000000000e+02 1.200000000000000000e+02 2.549566841160020095e-02 1.879833190828168017e-04 1.378657510678385212e-01 1.676494277163686347e-02 2.812298424632027061e+00 1.290754829287043409e-02 5.450506627559661865e+00
0.000000000000000000e+00 1.081710000000000000e+05 1.498413428916960015e+02 2.000000000000000000e+00 1.200000000000000000e+02 5.400000000000000000e+02 1.200000000000000000e+02 1.583617967679067096e-02 1.389775222313661236e-04 1.842965241098345475e-01 2.336176274021392260e-02 3.329949394028331344e+00 1.847947856604218245e-02 5.969048062960307099e+00
0.000000000000000000e+00 1.081720000000000000e+05 1.999569503914011648e+02 2.000000000000000000e+00 1.200000000000000000e+02 5.400000000000000000e+02 1.500000000000000000e+02 7.358607021896015031e-03 8.450857322789040492e-05 6.746636770026441798e-01 4.206848650964445380e-02 4.551010096153764728e+00 3.347070409724528517e-02 6.894838313261668183e+00
0.000000000000000000e+00 1.081730000000000000e+05 2.502689835324779040e+02 2.000000000000000000e+00 1.200000000000000000e+02 5.400000000000000000e+02 1.500000000000000000e+02 4.174921553594224989e-03 5.580556194586950826e-05 1.729932654721000107e+00 6.772000471649369802e-02 6.400247992411492781e+00 5.455724331939525162e-02 7.712731093168258667e+00
0.000000000000000000e+00 1.081740000000000000e+05 3.002163827645752576e+02 2.000000000000000000e+00 1.200000000000000000e+02 5.400000000000000000e+02 1.500000000000000000e+02 2.358464985594359818e-03 3.787001929351294912e-05 2.192577886891363459e+00 1.113172277220928902e-01 9.368074353061871307e+00 1.003603718913546466e-01 8.447649806737899780e+00
0.000000000000000000e+00 1.081750000000000000e+05 4.006502530121807695e+02 2.000000000000000000e+00 1.200000000000000000e+02 5.400000000000000000e+02 1.800000000000000000e+02 1.183228043155376335e-03 2.072413819881074287e-05 4.926825645672439968e+00 2.178762974687612763e-01 1.656753960919687074e+01 1.930803293193429637e-01 9.758108814557393984e+00
0.000000000000000000e+00 1.081760000000000000e+05 5.012149743100819705e+02 2.000000000000000000e+00 1.200000000000000000e+02 5.400000000000000000e+02 1.800000000000000000e+02 8.800939010336393878e-04 1.673818331884521939e-05 7.109236480573252415e+00 2.805573796960446620e-01 1.929089365057257410e+01 2.363752695983996621e-01 1.091347859303156476e+01
0.000000000000000000e+00 1.081770000000000000e+05 6.009293707904784014e+02 2.000000000000000000e+00 1.200000000000000000e+02 5.400000000000000000e+02 1.800000000000000000e+02 6.452011764175531782e-04 1.360320453394179547e-05 9.136265612491399679e+00 3.673429482988145867e-01 2.269924597900158858e+01 3.015018088145346442e-01 1.195081947247187237e+01
0.000000000000000000e+00 1.081780000000000000e+05 4.006361787683674720e+02 2.000000000000000000e+00 1.200000000000000000e+02 6.000000000000000000e+02 1.800000000000000000e+02 1.451544091777414586e-03 2.306321662813111252e-05 5.710607294845220672e+00 1.961028872387573785e-01 1.629423672631536490e+01 1.685933138165771616e-01 9.757968743642171816e+00
0.000000000000000000e+00 1.081790000000000000e+05 5.015306643981269872e+02 2.000000000000000000e+00 1.200000000000000000e+02 6.000000000000000000e+02 1.800000000000000000e+02 1.042685245484343149e-03 1.799001481116444315e-05 8.244020711679167945e+00 2.633149343246494745e-01 1.991683344408200540e+01 2.176436137122548797e-01 1.091628905137380023e+01
0.000000000000000000e+00 1.081800000000000000e+05 6.015061584734004327e+02 2.000000000000000000e+00 1.200000000000000000e+02 6.000000000000000000e+02 1.800000000000000000e+02 7.807546528450112723e-04 1.495927032763083510e-05 1.010284674609313349e+01 3.364561371997157879e-01 2.290873360010374782e+01 2.789799160726842420e-01 1.195550749699274640e+01
0.000000000000000000e+00 1.081810000000000000e+05 1.999490121313261852e+02 2.000000000000000000e+00 1.200000000000000000e+02 6.000000000000000000e+02 1.500000000000000000e+02 8.092021484466391940e-03 8.993247185957282345e-05 6.880314879287213747e-01 3.990877846831741155e-02 4.485143389234592881e+00 3.170790988736316846e-02 6.894726256529490449e+00
0.000000000000000000e+00 1.081820000000000000e+05 2.500304630419847456e+02 2.000000000000000000e+00 1.200000000000000000e+02 6.000000000000000000e+02 1.500000000000000000e+02 4.780675960502995571e-03 6.086459837898760042e-05 1.591891925066263314e+00 6.228528519032242028e-02 6.207552316332334286e+00 5.054923996696267241e-02 7.709725817044575713e+00
0.000000000000000000e+00 1.081830000000000000e+05 3.001543025195092014e+02 2.000000000000000000e+00 1.200000000000000000e+02 6.000000000000000000e+02 1.500000000000000000e+02 2.773504294142328536e-03 4.097455583276523553e-05 2.233765830669336427e+00 1.025383955730482383e-01 9.364483190509021782e+00 9.417400226657998696e-02 8.446935792764028506e+00
0.000000000000000000e+00 1.081840000000000000e+05 9.980171647910896127e+01 2.000000000000000000e+00 1.200000000000000000e+02 6.000000000000000000e+02 1.200000000000000000e+02 3.819746025391512062e-02 2.531954472745111609e-04 -3.916965349323630469e-02 1.185784232200125937e-02 2.186247868004719042e+00 8.805900227210065184e-03 4.871862749258677461e+00
0.000000000000000000e+00 1.081850000000000000e+05 1.248117330463814056e+02 2.000000000000000000e+00 1.200000000000000000e+02 6.000000000000000000e+02 1.200000000000000000e+02 2.424418128102808281e-02 1.860189889088018859e-04 1.657824595303692694e-01 1.699631450725387627e-02 2.725581093297433810e+00 1.335419096980077283e-02 5.447971075773239136e+00
0.000000000000000000e+00 1.081860000000000000e+05 1.497958800185696759e+02 2.000000000000000000e+00 1.200000000000000000e+02 6.000000000000000000e+02 1.200000000000000000e+02 1.637027017499188136e-02 1.439918762652734469e-04 2.883234750250431855e-01 2.281780067399125783e-02 3.203485262495473940e+00 1.795564409055443178e-02 5.968307981888453462e+00
0.000000000000000000e+00 1.081870000000000000e+05 5.993167715320792155e+01 2.000000000000000000e+00 1.200000000000000000e+02 6.000000000000000000e+02 9.000000000000000000e+01 4.359248053786594218e-02 3.375913553904447617e-04 5.501055368000518780e-02 8.098035505935895564e-03 1.196961117137376407e+00 5.559857279431442041e-03 3.775032316644986619e+00
0.000000000000000000e+00 1.081880000000000000e+05 6.988892396154435005e+01 2.000000000000000000e+00 1.200000000000000000e+02 6.000000000000000000e+02 9.000000000000000000e+01 5.080535315603593866e-02 3.393138799369667651e-04 2.901622574865596327e-02 8.331537237622527528e-03 1.458596529456093194e+00 5.828102923450425438e-03 4.076753497123718262e+00
0.000000000000000000e+00 1.081890000000000000e+05 7.982340337082015935e+01 2.000000000000000000e+00 1.200000000000000000e+02 6.000000000000000000e+02 9.000000000000000000e+01 4.934502202314073466e-02 3.178453220761044240e-04 -3.407206901518573805e-02 9.067410112829722701e-03 1.684675865689360785e+00 6.530186763412582605e-03 4.357125689586003325e+00
0.000000000000000000e+00 1.081900000000000000e+05 8.987932994592459579e+01 2.000000000000000000e+00 1.200000000000000000e+02 6.000000000000000000e+02 9.000000000000000000e+01 4.348301924422861425e-02 2.807307635341221895e-04 4.868049190565924833e-02 1.047700430473691609e-02 1.937048839499103003e+00 7.588060041353571379e-03 4.623069574435551665e+00
0.000000000000000000e+00 1.081910000000000000e+05 3.988369380204918002e+01 2.000000000000000000e+00 1.200000000000000000e+02 6.000000000000000000e+02 6.000000000000000000e+01 6.506010062529865405e-03 1.731762495398297009e-04 -2.289570149541711799e-02 1.584077941857539584e-02 6.415915311199672511e-01 1.027619433250792635e-02 3.080069790283838760e+00
0.000000000000000000e+00 1.081920000000000000e+05 4.987735981916477357e+01 2.000000000000000000e+00 1.200000000000000000e+02 6.000000000000000000e+02 6.000000000000000000e+01 2.660466862223281187e-02 2.993506851455054194e-04 -1.314991136768399460e-02 8.971234473014602986e-03 9.119623366092171057e-01 6.162303543926616473e-03 3.444264367222785950e+00
