# RunNumber Energy Ei Chopper Chopper1 Chopper2 Chopper3 Height FWHM Sigma Q
0.000000000000000000e+00 1.080320000000000000e+05 8.000000000000000000e+00 8.006278739226898367e+00 2.000000000000000000e+00 1.200000000000000000e+02 1.800000000000000000e+02 3.000000000000000000e+01 2.574294833481435285e-01 2.882260346121641170e-01 1.223889743576068445e-01 1.379531224568684822e+00
0.000000000000000000e+00 1.080330000000000000e+05 1.000000000000000000e+01 1.000823061318293483e+01 2.000000000000000000e+00 1.200000000000000000e+02 1.800000000000000000e+02 3.000000000000000000e+01 3.304110905172032986e-01 3.803127633009459885e-01 1.614916192360704716e-01 1.542386899391810173e+00
0.000000000000000000e+00 1.080340000000000000e+05 1.200000000000000000e+01 1.201060962287296618e+01 2.000000000000000000e+00 1.200000000000000000e+02 1.800000000000000000e+02 3.000000000000000000e+01 3.723934746063042867e-01 4.804243849149258949e-01 2.040018619596288274e-01 1.689642310142517090e+00
0.000000000000000000e+00 1.080350000000000000e+05 1.500000000000000000e+01 1.501472227309897889e+01 2.000000000000000000e+00 1.200000000000000000e+02 1.800000000000000000e+02 3.000000000000000000e+01 3.339507540226654414e-01 6.306183354701566657e-01 2.677784863992172526e-01 1.889152670900027031e+00
0.000000000000000000e+00 1.080360000000000000e+05 2.000000000000000000e+01 2.003589770695180050e+01 2.000000000000000000e+00 1.200000000000000000e+02 1.800000000000000000e+02 3.000000000000000000e+01 2.859331988070025754e-01 9.216512945198083173e-01 3.913593607302795485e-01 2.182130177815755356e+00
0.000000000000000000e+00 1.080370000000000000e+05 2.500000000000000000e+01 2.505287825616282404e+01 2.000000000000000000e+00 1.200000000000000000e+02 1.800000000000000000e+02 6.000000000000000000e+01 1.581023947985384093e-01 1.252643912808171223e+00 5.319082432306460051e-01 2.440014511346817017e+00
0.000000000000000000e+00 1.080380000000000000e+05 3.000000000000000000e+01 3.007916838812665716e+01 2.000000000000000000e+00 1.200000000000000000e+02 1.800000000000000000e+02 6.000000000000000000e+01 1.847613868197370002e-01 1.564116756182613699e+00 6.641684739628932466e-01 2.673473189274469863e+00
0.000000000000000000e+00 1.080390000000000000e+05 4.000000000000000000e+01 4.007842161984658702e+01 2.000000000000000000e+00 1.200000000000000000e+02 1.800000000000000000e+02 6.000000000000000000e+01 1.114039413538179535e-01 2.204313189091529068e+00 9.360140930324963859e-01 3.086206719279289246e+00
0.000000000000000000e+00 1.080400000000000000e+05 5.000000000000000000e+01 5.016400466956049797e+01 2.000000000000000000e+00 1.200000000000000000e+02 1.800000000000000000e+02 6.000000000000000000e+01 7.031968191759825626e-02 2.859348266164992936e+00 1.214160622575368498e+00 3.452341382702191819e+00
0.000000000000000000e+00 1.080410000000000000e+05 6.000000000000000000e+01 6.033656349860399359e+01 2.000000000000000000e+00 1.200000000000000000e+02 1.800000000000000000e+02 9.000000000000000000e+01 4.461461761031864509e-02 3.499520682919122549e+00 1.485996043702387581e+00 3.785439297556877136e+00
0.000000000000000000e+00 1.080420000000000000e+05 7.000000000000000000e+01 7.039597728672460164e+01 2.000000000000000000e+00 1.200000000000000000e+02 1.800000000000000000e+02 9.000000000000000000e+01 2.850280356137574467e-02 4.153362659916609800e+00 1.763635949009176196e+00 4.088820765415827729e+00
0.000000000000000000e+00 1.080430000000000000e+05 8.000000000000000000e+01 8.044701768891314941e+01 2.000000000000000000e+00 1.200000000000000000e+02 1.800000000000000000e+02 9.000000000000000000e+01 1.832690793628759252e-02 4.826821061334669594e+00 2.049605546214297025e+00 4.371010263760884307e+00
0.000000000000000000e+00 1.080440000000000000e+05 9.000000000000000000e+01 9.067675515302994427e+01 2.000000000000000000e+00 1.200000000000000000e+02 1.800000000000000000e+02 9.000000000000000000e+01 1.192062110494106555e-02 5.531282064334618553e+00 2.348739730078394317e+00 4.639798770348231294e+00
0.000000000000000000e+00 1.080450000000000000e+05 1.000000000000000000e+02 1.005230645225570782e+02 2.000000000000000000e+00 1.200000000000000000e+02 1.800000000000000000e+02 1.200000000000000000e+02 7.868679096971795128e-03 5.729814677785647348e+00 2.433042326023629354e+00 4.886228114366531372e+00
0.000000000000000000e+00 1.080460000000000000e+05 1.250000000000000000e+02 1.260830722395293861e+02 2.000000000000000000e+00 1.200000000000000000e+02 1.800000000000000000e+02 1.200000000000000000e+02 2.857587889177039264e-03 6.430236684216090737e+00 2.730461437034433558e+00 5.470598032077153228e+00
0.000000000000000000e+00 1.080470000000000000e+05 1.500000000000000000e+02 1.507773896053649310e+02 2.000000000000000000e+00 1.200000000000000000e+02 1.800000000000000000e+02 1.200000000000000000e+02 1.235420405385345395e-03 6.784982532241485842e+00 2.881096616663051169e+00 5.984265863895416260e+00
0.000000000000000000e+00 1.080480000000000000e+05 2.000000000000000000e+02 2.018891276728139417e+02 2.000000000000000000e+00 1.200000000000000000e+02 1.800000000000000000e+02 1.500000000000000000e+02 3.098919645245728051e-04 7.873675979239749267e+00 3.343386827702653719e+00 6.922012507915496826e+00
0.000000000000000000e+00 1.080490000000000000e+05 2.500000000000000000e+02 2.526319458262542526e+02 2.000000000000000000e+00 1.200000000000000000e+02 1.800000000000000000e+02 1.500000000000000000e+02 9.306640154761124898e-05 1.212633339966008350e+01 5.149186156968188044e+00 7.742440740267436006e+00
0.000000000000000000e+00 1.080510000000000000e+05 8.000000000000000000e+00 8.001862134427788931e+00 2.000000000000000000e+00 1.200000000000000000e+02 2.400000000000000000e+02 3.000000000000000000e+01 5.688840862117380826e-02 2.400558640328398496e-01 1.019345494831591786e-01 1.379220142960548401e+00
0.000000000000000000e+00 1.080520000000000000e+05 1.000000000000000000e+01 9.995197105593934594e+00 2.000000000000000000e+00 1.200000000000000000e+02 2.400000000000000000e+02 3.000000000000000000e+01 1.198212080843774757e-01 3.298415044846034760e-01 1.400600868299802515e-01 1.541565549870332008e+00
0.000000000000000000e+00 1.080560000000000000e+05 2.500000000000000000e+01 2.500306314605484559e+01 2.000000000000000000e+00 1.200000000000000000e+02 2.400000000000000000e+02 6.000000000000000000e+01 3.212189359717522730e-01 1.050128652134326046e+00 4.459145019678666944e-01 2.438029949863751877e+00
0.000000000000000000e+00 1.080570000000000000e+05 3.000000000000000000e+01 3.000821727877222145e+01 2.000000000000000000e+00 1.200000000000000000e+02 2.400000000000000000e+02 6.000000000000000000e+01 2.784955152437234016e-01 1.350369777544715433e+00 5.734054257090086537e-01 2.670893182357152451e+00
0.000000000000000000e+00 1.080580000000000000e+05 4.000000000000000000e+01 4.002787279991899538e+01 2.000000000000000000e+00 1.200000000000000000e+02 2.400000000000000000e+02 6.000000000000000000e+01 1.853728096647167534e-01 2.041421512795814408e+00 8.668456529918532327e-01 3.084614838163057815e+00
0.000000000000000000e+00 1.080590000000000000e+05 5.000000000000000000e+01 5.006758308585681760e+01 2.000000000000000000e+00 1.200000000000000000e+02 2.400000000000000000e+02 6.000000000000000000e+01 1.220796197546592243e-01 2.753717069722050326e+00 1.169306611346942804e+00 3.449626684188842773e+00
0.000000000000000000e+00 1.080600000000000000e+05 6.000000000000000000e+01 6.011410753986672972e+01 2.000000000000000000e+00 1.200000000000000000e+02 2.400000000000000000e+02 9.000000000000000000e+01 8.085272979976565466e-02 3.366390022232565116e+00 1.429464977593445818e+00 3.779725228746732224e+00
0.000000000000000000e+00 1.080610000000000000e+05 7.000000000000000000e+01 7.023841009401441227e+01 2.000000000000000000e+00 1.200000000000000000e+02 2.400000000000000000e+02 9.000000000000000000e+01 5.301439156309519646e-02 4.073827785452792227e+00 1.729863178536217516e+00 4.085074802239735625e+00
0.000000000000000000e+00 1.080620000000000000e+05 8.000000000000000000e+01 8.026872211616408492e+01 2.000000000000000000e+00 1.200000000000000000e+02 2.400000000000000000e+02 9.000000000000000000e+01 3.518106712846255646e-02 4.575317160621473533e+00 1.942809834658799861e+00 4.367045402526855469e+00
0.000000000000000000e+00 1.080630000000000000e+05 9.000000000000000000e+01 9.031467339340649403e+01 2.000000000000000000e+00 1.200000000000000000e+02 2.400000000000000000e+02 9.000000000000000000e+01 2.369659472977432915e-02 4.967307036637436113e+00 2.109259888168762753e+00 4.632210433483123779e+00
0.000000000000000000e+00 1.080640000000000000e+05 1.000000000000000000e+02 1.005525917006072802e+02 2.000000000000000000e+00 1.200000000000000000e+02 2.400000000000000000e+02 1.200000000000000000e+02 1.605686284946967676e-02 5.429839951832690303e+00 2.305664523071206062e+00 4.886815408865611055e+00
0.000000000000000000e+00 1.080650000000000000e+05 1.250000000000000000e+02 1.255484596203940981e+02 2.000000000000000000e+00 1.200000000000000000e+02 2.400000000000000000e+02 1.200000000000000000e+02 6.639076982972034330e-03 6.151874521399456341e+00 2.612260943269408386e+00 5.461095045010249116e+00
0.000000000000000000e+00 1.080660000000000000e+05 1.500000000000000000e+02 1.509050434306284103e+02 2.000000000000000000e+00 1.200000000000000000e+02 2.400000000000000000e+02 1.200000000000000000e+02 3.258234538708031786e-03 6.639821910947546257e+00 2.819457287026558845e+00 5.986338188250859282e+00
0.000000000000000000e+00 1.080670000000000000e+05 2.000000000000000000e+02 2.010024897286470775e+02 2.000000000000000000e+00 1.200000000000000000e+02 2.400000000000000000e+02 1.500000000000000000e+02 1.114085783932019244e-03 8.643107058332006432e+00 3.670109154281106623e+00 6.909556428591410615e+00
0.000000000000000000e+00 1.080680000000000000e+05 2.500000000000000000e+02 2.531727704139823345e+02 2.000000000000000000e+00 1.200000000000000000e+02 2.400000000000000000e+02 1.500000000000000000e+02 4.998042951869820227e-04 1.063325635738726760e+01 4.515183166618797372e+00 7.749224424362182617e+00
0.000000000000000000e+00 1.080690000000000000e+05 3.000000000000000000e+02 3.042121211818436564e+02 2.000000000000000000e+00 1.200000000000000000e+02 2.400000000000000000e+02 1.500000000000000000e+02 2.775344517895619954e-04 1.308112121081947521e+01 5.554616225401050933e+00 8.493481258551279112e+00
0.000000000000000000e+00 1.080700000000000000e+05 4.000000000000000000e+02 4.054278554884286336e+02 2.000000000000000000e+00 1.200000000000000000e+02 2.400000000000000000e+02 1.800000000000000000e+02 9.629251417165470808e-05 3.851564627140049879e+01 1.635483918106178436e+01 9.805561761061349912e+00
0.000000000000000000e+00 1.080710000000000000e+05 5.000000000000000000e+02 5.051078251793221625e+02 2.000000000000000000e+00 1.200000000000000000e+02 2.400000000000000000e+02 1.800000000000000000e+02 4.293245027375812721e-05 4.899545904239431593e+01 2.080486583541160073e+01 1.094807948668797870e+01
0.000000000000000000e+00 1.080750000000000000e+05 1.250000000000000000e+02 1.277901204437561375e+02 2.000000000000000000e+00 1.200000000000000000e+02 6.000000000000000000e+01 1.200000000000000000e+02 3.683109250723327031e-04 2.747487589540742903e+01 1.166661396832587272e+01 5.500828315814335845e+00
0.000000000000000000e+00 1.080770000000000000e+05 4.000000000000000000e+01 4.025448682788778143e+01 2.000000000000000000e+00 1.200000000000000000e+02 1.200000000000000000e+02 6.000000000000000000e+01 4.403978685118212222e-02 2.616541643812677620e+00 1.111058022850393900e+00 3.091744561990102280e+00
0.000000000000000000e+00 1.080780000000000000e+05 5.000000000000000000e+01 5.035257631631036190e+01 2.000000000000000000e+00 1.200000000000000000e+02 1.200000000000000000e+02 6.000000000000000000e+01 2.589703271336945417e-02 3.675738071090659531e+00 1.560822960123422254e+00 3.457644353310266983e+00
0.000000000000000000e+00 1.080790000000000000e+05 8.000000000000000000e+00 8.013866640728350532e+00 2.000000000000000000e+00 1.200000000000000000e+02 1.200000000000000000e+02 3.000000000000000000e+01 2.630694369450027326e-01 3.606239988327848423e-01 1.531312096954500490e-01 1.380065597593784332e+00
0.000000000000000000e+00 1.080800000000000000e+05 1.000000000000000000e+01 1.001451141441215320e+01 2.000000000000000000e+00 1.200000000000000000e+02 1.200000000000000000e+02 3.000000000000000000e+01 2.476110615077835309e-01 4.806965478917817336e-01 2.041174301026673910e-01 1.542782507836818695e+00
0.000000000000000000e+00 1.080810000000000000e+05 1.200000000000000000e+01 1.202760886608427882e+01 2.000000000000000000e+00 1.200000000000000000e+02 1.200000000000000000e+02 3.000000000000000000e+01 2.312297470693919221e-01 6.013804433042224673e-01 2.553632455644256893e-01 1.690619684755802155e+00
0.000000000000000000e+00 1.080820000000000000e+05 1.500000000000000000e+01 1.503384954963524756e+01 2.000000000000000000e+00 1.200000000000000000e+02 1.200000000000000000e+02 3.000000000000000000e+01 1.768793610039069431e-01 7.817601765810167080e-01 3.319576121363128074e-01 1.890136234462261200e+00
0.000000000000000000e+00 1.080830000000000000e+05 2.000000000000000000e+01 2.004452310422706773e+01 2.000000000000000000e+00 1.200000000000000000e+02 1.200000000000000000e+02 3.000000000000000000e+01 1.331071037574829141e-01 1.082404247628257821e+00 4.596196380587082020e-01 2.182514220476150513e+00
0.000000000000000000e+00 1.080840000000000000e+05 1.000000000000000000e+01 1.000306185125197267e+01 2.000000000000000000e+00 1.200000000000000000e+02 2.400000000000000000e+02 3.000000000000000000e+01 1.503231091922113682e-01 3.200979792400744373e-01 1.359227088068256650e-01 1.542061321437358856e+00
0.000000000000000000e+00 1.080850000000000000e+05 1.200000000000000000e+01 1.200099415212022436e+01 2.000000000000000000e+00 1.200000000000000000e+02 2.400000000000000000e+02 3.000000000000000000e+01 2.409311902528787075e-01 4.200347953242067334e-01 1.783587241291748338e-01 1.689089365303516388e+00
0.000000000000000000e+00 1.080860000000000000e+05 1.500000000000000000e+01 1.500032518771641499e+01 2.000000000000000000e+00 1.200000000000000000e+02 2.400000000000000000e+02 3.000000000000000000e+01 2.974093697284956317e-01 5.550120319455080775e-01 2.356738989152900587e-01 1.888412103056907654e+00
0.000000000000000000e+00 1.080870000000000000e+05 2.000000000000000000e+01 1.999988429833473091e+01 2.000000000000000000e+00 1.200000000000000000e+02 2.400000000000000000e+02 3.000000000000000000e+01 3.424613709566297071e-01 7.999953719333774416e-01 3.397007948761687768e-01 2.180525918801625718e+00
0.000000000000000000e+00 1.080880000000000000e+05 2.500000000000000000e+01 2.501800942101655778e+01 2.000000000000000000e+00 1.200000000000000000e+02 2.400000000000000000e+02 6.000000000000000000e+01 3.226788984921654668e-01 1.050756395682679312e+00 4.461810597378680909e-01 2.438625564177831162e+00
0.000000000000000000e+00 1.080890000000000000e+05 1.000000000000000000e+01 9.980077761429312133e+00 2.000000000000000000e+00 1.200000000000000000e+02 3.000000000000000000e+02 3.000000000000000000e+01 1.068708961734645899e-02 2.994023328428685460e-01 1.271347485532350607e-01 1.540612272918224335e+00
0.000000000000000000e+00 1.080900000000000000e+05 1.200000000000000000e+01 1.199115161980798838e+01 2.000000000000000000e+00 1.200000000000000000e+02 3.000000000000000000e+02 3.000000000000000000e+01 5.246496596118865874e-02 3.837168518338671674e-01 1.629370920738289485e-01 1.688523069024085999e+00
0.000000000000000000e+00 1.080910000000000000e+05 1.500000000000000000e+01 1.498788711457869205e+01 2.000000000000000000e+00 1.200000000000000000e+02 3.000000000000000000e+02 3.000000000000000000e+01 1.299393160101636746e-01 4.946002747810993583e-01 2.100213481023776585e-01 1.887772023677825928e+00
0.000000000000000000e+00 1.080920000000000000e+05 2.000000000000000000e+01 1.998824932080182037e+01 2.000000000000000000e+00 1.200000000000000000e+02 3.000000000000000000e+02 3.000000000000000000e+01 2.461076444354055037e-01 6.995887262280664487e-01 2.970652765299645059e-01 2.180007343490918625e+00
0.000000000000000000e+00 1.080930000000000000e+05 2.500000000000000000e+01 2.499664713812329708e+01 2.000000000000000000e+00 1.200000000000000000e+02 3.000000000000000000e+02 6.000000000000000000e+01 2.911053708476496471e-01 9.498725912486527534e-01 4.033429262202347099e-01 2.437774245937665452e+00
0.000000000000000000e+00 1.080940000000000000e+05 3.000000000000000000e+01 2.998941964432460594e+01 2.000000000000000000e+00 1.200000000000000000e+02 3.000000000000000000e+02 6.000000000000000000e+01 2.906784986761709599e-01 1.199576785773004417e+00 5.093744313261164836e-01 2.670209293564160813e+00
0.000000000000000000e+00 1.080950000000000000e+05 4.000000000000000000e+01 4.002039195116214643e+01 2.000000000000000000e+00 1.200000000000000000e+02 3.000000000000000000e+02 6.000000000000000000e+01 2.306998131103865646e-01 1.760897245851182902e+00 7.477270683019885400e-01 3.084379007418950547e+00
0.000000000000000000e+00 1.080960000000000000e+05 5.000000000000000000e+01 5.007351819218890654e+01 2.000000000000000000e+00 1.200000000000000000e+02 3.000000000000000000e+02 6.000000000000000000e+01 1.666524664877867823e-01 2.453602391417259554e+00 1.041869380644271592e+00 3.449793790777524460e+00
0.000000000000000000e+00 1.080970000000000000e+05 6.000000000000000000e+01 6.010413714476405289e+01 2.000000000000000000e+00 1.200000000000000000e+02 3.000000000000000000e+02 9.000000000000000000e+01 1.156186453761075678e-01 3.125415131527816470e+00 1.327140183238987969e+00 3.779468874136606704e+00
0.000000000000000000e+00 1.080980000000000000e+05 7.000000000000000000e+01 7.011106205586608553e+01 2.000000000000000000e+00 1.200000000000000000e+02 3.000000000000000000e+02 9.000000000000000000e+01 7.917536366434349548e-02 3.785997351016717971e+00 1.607642187268245371e+00 4.082044795155525208e+00
0.000000000000000000e+00 1.080990000000000000e+05 8.000000000000000000e+01 8.019934604701373360e+01 2.000000000000000000e+00 1.200000000000000000e+02 3.000000000000000000e+02 9.000000000000000000e+01 5.355428794969902678e-02 4.491163378632961667e+00 1.907075744642446669e+00 4.365501413742701509e+00
0.000000000000000000e+00 1.081000000000000000e+05 9.000000000000000000e+01 9.030159967837680313e+01 2.000000000000000000e+00 1.200000000000000000e+02 3.000000000000000000e+02 9.000000000000000000e+01 3.666359241369931271e-02 5.056889581989082671e+00 2.147299185557996815e+00 4.631936172644297578e+00
0.000000000000000000e+00 1.081010000000000000e+05 1.000000000000000000e+02 1.001722090437136501e+02 2.000000000000000000e+00 1.200000000000000000e+02 3.000000000000000000e+02 1.200000000000000000e+02 2.545034185516596020e-02 5.409299288360486457e+00 2.296942372976852109e+00 4.879246274630228974e+00
0.000000000000000000e+00 1.081020000000000000e+05 1.250000000000000000e+02 1.254068040099167831e+02 2.000000000000000000e+00 1.200000000000000000e+02 3.000000000000000000e+02 1.200000000000000000e+02 1.103361692731697277e-02 6.395747004505913935e+00 2.715816137794443197e+00 5.458573857943217256e+00
0.000000000000000000e+00 1.081030000000000000e+05 1.500000000000000000e+02 1.503184839446528827e+02 2.000000000000000000e+00 1.200000000000000000e+02 3.000000000000000000e+02 1.200000000000000000e+02 5.578900439391585100e-03 7.064968745398971350e+00 2.999986728407206371e+00 5.976810405651728608e+00
0.000000000000000000e+00 1.081040000000000000e+05 2.000000000000000000e+02 2.004310258641858411e+02 2.000000000000000000e+00 1.200000000000000000e+02 3.000000000000000000e+02 1.500000000000000000e+02 2.045856724200687676e-03 9.019396163888586671e+00 3.829892213965429448e+00 6.901515940825144746e+00
0.000000000000000000e+00 1.081050000000000000e+05 2.500000000000000000e+02 2.517644604108834301e+02 2.000000000000000000e+00 1.200000000000000000e+02 3.000000000000000000e+02 1.500000000000000000e+02 1.014246765153512279e-03 1.183292963931145891e+01 5.024598572956033848e+00 7.731547564268112183e+00
0.000000000000000000e+00 1.081060000000000000e+05 3.000000000000000000e+02 3.021057251857677670e+02 2.000000000000000000e+00 1.200000000000000000e+02 3.000000000000000000e+02 1.500000000000000000e+02 6.031656232256928573e-04 1.540739198447346325e+01 6.542416978544995487e+00 8.469352960586547852e+00
0.000000000000000000e+00 1.081070000000000000e+05 4.000000000000000000e+02 4.041183000294779504e+02 2.000000000000000000e+00 1.200000000000000000e+02 3.000000000000000000e+02 1.800000000000000000e+02 2.794029628367571474e-04 3.637064700265199235e+01 1.544401146609426512e+01 9.792578121026357607e+00
0.000000000000000000e+00 1.081080000000000000e+05 5.000000000000000000e+02 5.074527264452026998e+02 2.000000000000000000e+00 1.200000000000000000e+02 3.000000000000000000e+02 1.800000000000000000e+02 1.423951944988245384e-04 5.277508355030022358e+01 2.240980193218693017e+01 1.096886891126632690e+01
0.000000000000000000e+00 1.081090000000000000e+05 4.000000000000000000e+02 4.022047966868396429e+02 2.000000000000000000e+00 1.200000000000000000e+02 3.600000000000000000e+02 1.800000000000000000e+02 4.727899663598985583e-04 3.861166048193717870e+01 1.639560954647014057e+01 9.773575445016225771e+00
0.000000000000000000e+00 1.081100000000000000e+05 5.000000000000000000e+02 5.044189195967260275e+02 2.000000000000000000e+00 1.200000000000000000e+02 3.600000000000000000e+02 1.800000000000000000e+02 2.770768999320825368e-04 5.195514871846324922e+01 2.206163427535594579e+01 1.094196480512619019e+01
0.000000000000000000e+00 1.081110000000000000e+05 2.000000000000000000e+02 2.005737816657623398e+02 2.000000000000000000e+00 1.200000000000000000e+02 3.600000000000000000e+02 1.500000000000000000e+02 3.094427486250597367e-03 9.426967738291054388e+00 4.002958699911276064e+00 6.903525104125340484e+00
0.000000000000000000e+00 1.081120000000000000e+05 2.500000000000000000e+02 2.510444293430469429e+02 2.000000000000000000e+00 1.200000000000000000e+02 3.600000000000000000e+02 1.500000000000000000e+02 1.559997991301145153e-03 1.255222146715269105e+01 5.330030346986280421e+00 7.722494075695673921e+00
0.000000000000000000e+00 1.081130000000000000e+05 3.000000000000000000e+02 3.009839662667557718e+02 2.000000000000000000e+00 1.200000000000000000e+02 3.600000000000000000e+02 1.500000000000000000e+02 9.711406109343975832e-04 1.715608607720508871e+01 7.284962240851418080e+00 8.456474035978317261e+00
0.000000000000000000e+00 1.081140000000000000e+05 1.000000000000000000e+02 1.000654553650145004e+02 2.000000000000000000e+00 1.200000000000000000e+02 3.600000000000000000e+02 1.200000000000000000e+02 3.495589218187799413e-02 5.303469134345647262e+00 2.252003878703034978e+00 4.877120176951090791e+00
0.000000000000000000e+00 1.081150000000000000e+05 1.250000000000000000e+02 1.251663153653708207e+02 2.000000000000000000e+00 1.200000000000000000e+02 3.600000000000000000e+02 1.200000000000000000e+02 1.582575663204656771e-02 6.383482083633843729e+00 2.710608103453861606e+00 5.454291701316833496e+00
0.000000000000000000e+00 1.081160000000000000e+05 1.500000000000000000e+02 1.501465484373169943e+02 2.000000000000000000e+00 1.200000000000000000e+02 3.600000000000000000e+02 1.200000000000000000e+02 8.244935818846138575e-03 7.357180873428674772e+00 3.124068311434681444e+00 5.974014282226562500e+00
0.000000000000000000e+00 1.081170000000000000e+05 6.000000000000000000e+01 5.998128678645797152e+01 2.000000000000000000e+00 1.200000000000000000e+02 3.600000000000000000e+02 9.000000000000000000e+01 1.365807489580500855e-01 2.819120478963451859e+00 1.197078759644777834e+00 3.776309212048848618e+00
0.000000000000000000e+00 1.081180000000000000e+05 7.000000000000000000e+01 7.002081998565338949e+01 2.000000000000000000e+00 1.200000000000000000e+02 3.600000000000000000e+02 9.000000000000000000e+01 9.930862417464009217e-02 3.431020179296872641e+00 1.456908781017780319e+00 4.079895903666813872e+00
0.000000000000000000e+00 1.081190000000000000e+05 8.000000000000000000e+01 8.010571509332974927e+01 2.000000000000000000e+00 1.200000000000000000e+02 3.600000000000000000e+02 9.000000000000000000e+01 7.021815258981219110e-02 4.085391469759919403e+00 1.734773447881069908e+00 4.363417019446690581e+00
0.000000000000000000e+00 1.081200000000000000e+05 9.000000000000000000e+01 9.005139331911667000e+01 2.000000000000000000e+00 1.200000000000000000e+02 3.600000000000000000e+02 9.000000000000000000e+01 4.980167580685779943e-02 4.592621059274861750e+00 1.950157562324781990e+00 4.626684308052062988e+00
0.000000000000000000e+00 1.081210000000000000e+05 2.500000000000000000e+01 2.496145435350899433e+01 2.000000000000000000e+00 1.200000000000000000e+02 3.600000000000000000e+02 6.000000000000000000e+01 1.769337721035512401e-01 8.736509023728089574e-01 3.709770286084114743e-01 2.436371122797330369e+00
0.000000000000000000e+00 1.081220000000000000e+05 3.000000000000000000e+01 2.996270501318090496e+01 2.000000000000000000e+00 1.200000000000000000e+02 3.600000000000000000e+02 6.000000000000000000e+01 2.193780792204101937e-01 1.108620085487713069e+00 4.707516286572029918e-01 2.669236962993939866e+00
0.000000000000000000e+00 1.081230000000000000e+05 4.000000000000000000e+01 3.997968966750845965e+01 2.000000000000000000e+00 1.200000000000000000e+02 3.600000000000000000e+02 6.000000000000000000e+01 2.173749581272914899e-01 1.679146966035325761e+00 7.130135736880364172e-01 3.083096573750177871e+00
0.000000000000000000e+00 1.081240000000000000e+05 5.000000000000000000e+01 5.002196651952667139e+01 2.000000000000000000e+00 1.200000000000000000e+02 3.600000000000000000e+02 6.000000000000000000e+01 1.799018449606267778e-01 2.200966526859176042e+00 9.345930050357434959e-01 3.448341324925422668e+00
0.000000000000000000e+00 1.081260000000000000e+05 1.500000000000000000e+01 1.496545523761441743e+01 2.000000000000000000e+00 1.200000000000000000e+02 3.600000000000000000e+02 3.000000000000000000e+01 1.607346875078109749e-02 4.788945676036746590e-01 2.033522580058066409e-01 1.886616952717304230e+00
0.000000000000000000e+00 1.081270000000000000e+05 2.000000000000000000e+01 1.997573365185645855e+01 2.000000000000000000e+00 1.200000000000000000e+02 3.600000000000000000e+02 3.000000000000000000e+01 9.809410108460347999e-02 6.591992105112556288e-01 2.799147390705968852e-01 2.179449508587519180e+00
0.000000000000000000e+00 1.081290000000000000e+05 2.000000000000000000e+01 1.991843279348679019e+01 2.000000000000000000e+00 1.200000000000000000e+02 4.200000000000000000e+02 3.000000000000000000e+01 1.281925424883026410e-02 6.573082821850686486e-01 2.791117971061862768e-01 2.176893264055252075e+00
0.000000000000000000e+00 1.081300000000000000e+05 2.500000000000000000e+01 2.495136946681018841e+01 2.000000000000000000e+00 1.200000000000000000e+02 4.200000000000000000e+02 6.000000000000000000e+01 6.234405926897780559e-02 7.984438229379406948e-01 3.390419630309726706e-01 2.435968836148580063e+00
0.000000000000000000e+00 1.081310000000000000e+05 3.000000000000000000e+01 2.994705961968076480e+01 2.000000000000000000e+00 1.200000000000000000e+02 4.200000000000000000e+02 6.000000000000000000e+01 1.153647305108570220e-01 1.048147086688855367e+00 4.450730729039725775e-01 2.668667405843734741e+00
0.000000000000000000e+00 1.081320000000000000e+05 4.000000000000000000e+01 3.995296183457485029e+01 2.000000000000000000e+00 1.200000000000000000e+02 4.200000000000000000e+02 6.000000000000000000e+01 1.635520504118316010e-01 1.558165511548462945e+00 6.616414061776912936e-01 3.082254206140836228e+00
0.000000000000000000e+00 1.081330000000000000e+05 5.000000000000000000e+01 4.995785128758100058e+01 2.000000000000000000e+00 1.200000000000000000e+02 4.200000000000000000e+02 6.000000000000000000e+01 1.591208538099687930e-01 2.148187605365940556e+00 9.121815734037964640e-01 3.446534444888432969e+00
0.000000000000000000e+00 1.081340000000000000e+05 6.000000000000000000e+01 5.993525698311318450e+01 2.000000000000000000e+00 1.200000000000000000e+02 4.200000000000000000e+02 9.000000000000000000e+01 1.335511348341172633e-01 2.637151307256985433e+00 1.119809472295959951e+00 3.775124500195185195e+00
0.000000000000000000e+00 1.081350000000000000e+05 7.000000000000000000e+01 6.996999004384139198e+01 2.000000000000000000e+00 1.200000000000000000e+02 4.200000000000000000e+02 9.000000000000000000e+01 1.048648021717035334e-01 3.218619542016853075e+00 1.366717427608005631e+00 4.078685134649276733e+00
0.000000000000000000e+00 1.081360000000000000e+05 8.000000000000000000e+01 7.995273858816418056e+01 2.000000000000000000e+00 1.200000000000000000e+02 4.200000000000000000e+02 9.000000000000000000e+01 7.882216577197405372e-02 3.757778713643602941e+00 1.595659751016391903e+00 4.360009143749873139e+00
0.000000000000000000e+00 1.081370000000000000e+05 9.000000000000000000e+01 9.003362717476497323e+01 2.000000000000000000e+00 1.200000000000000000e+02 4.200000000000000000e+02 9.000000000000000000e+01 5.814467858499308001e-02 4.321614104388572741e+00 1.835080299103427848e+00 4.626311331987380981e+00
0.000000000000000000e+00 1.081380000000000000e+05 1.000000000000000000e+02 1.000424463309172864e+02 2.000000000000000000e+00 1.200000000000000000e+02 4.200000000000000000e+02 1.200000000000000000e+02 4.284962342540497848e-02 4.802037423884030432e+00 2.039081708655639424e+00 4.876661539077758789e+00
0.000000000000000000e+00 1.081390000000000000e+05 1.250000000000000000e+02 1.250899996305869308e+02 2.000000000000000000e+00 1.200000000000000000e+02 4.200000000000000000e+02 1.200000000000000000e+02 2.058102457157787168e-02 6.004319982268270905e+00 2.549605088012004472e+00 5.452931433916091919e+00
0.000000000000000000e+00 1.081400000000000000e+05 1.500000000000000000e+02 1.501465828214417115e+02 2.000000000000000000e+00 1.200000000000000000e+02 4.200000000000000000e+02 1.200000000000000000e+02 1.103412060464876478e-02 7.207035975428880192e+00 3.060312516105681446e+00 5.974014927943547271e+00
0.000000000000000000e+00 1.081410000000000000e+05 2.000000000000000000e+02 2.001781176408173621e+02 2.000000000000000000e+00 1.200000000000000000e+02 4.200000000000000000e+02 1.500000000000000000e+02 4.340797011026474410e-03 9.608549646759229290e+00 4.080063544271435028e+00 6.897954324881236055e+00
0.000000000000000000e+00 1.081420000000000000e+05 2.500000000000000000e+02 2.509139297028747535e+02 2.000000000000000000e+00 1.200000000000000000e+02 4.200000000000000000e+02 1.500000000000000000e+02 2.200626584897381628e-03 1.304752434454951526e+01 5.540350040148414479e+00 7.720851719379425049e+00
0.000000000000000000e+00 1.081430000000000000e+05 3.000000000000000000e+02 3.008719084970351219e+02 2.000000000000000000e+00 1.200000000000000000e+02 4.200000000000000000e+02 1.500000000000000000e+02 1.374604290375165509e-03 1.775144260132557861e+01 7.537767558949290070e+00 8.455186714728673891e+00
0.000000000000000000e+00 1.081440000000000000e+05 4.000000000000000000e+02 4.015576068241145435e+02 2.000000000000000000e+00 1.200000000000000000e+02 4.200000000000000000e+02 1.800000000000000000e+02 7.139572500445808337e-04 3.854953025511622400e+01 1.636922728455041209e+01 9.767138918240865664e+00
0.000000000000000000e+00 1.081450000000000000e+05 5.000000000000000000e+02 5.016062880467760579e+02 2.000000000000000000e+00 1.200000000000000000e+02 4.200000000000000000e+02 1.800000000000000000e+02 4.398322862103707515e-04 5.266866024491264398e+01 2.236461156896502800e+01 1.091696139176686664e+01
0.000000000000000000e+00 1.081460000000000000e+05 4.000000000000000000e+02 4.012646810486768914e+02 2.000000000000000000e+00 1.200000000000000000e+02 4.800000000000000000e+02 1.800000000000000000e+02 9.512116374467200668e-04 3.892267406172126698e+01 1.652767476081582387e+01 9.764224867026010557e+00
0.000000000000000000e+00 1.081470000000000000e+05 5.000000000000000000e+02 5.025760325397833981e+02 2.000000000000000000e+00 1.200000000000000000e+02 4.800000000000000000e+02 1.800000000000000000e+02 5.944606706255944418e-04 5.126275531905886851e+01 2.176762433930312923e+01 1.092558948198954205e+01
0.000000000000000000e+00 1.081480000000000000e+05 2.000000000000000000e+02 2.001062462539113938e+02 2.000000000000000000e+00 1.200000000000000000e+02 4.800000000000000000e+02 1.500000000000000000e+02 5.534285506429646381e-03 9.605099820187660953e+00 4.078598649761215000e+00 6.896941930055618286e+00
0.000000000000000000e+00 1.081490000000000000e+05 2.500000000000000000e+02 2.504667118285497907e+02 2.000000000000000000e+00 1.200000000000000000e+02 4.800000000000000000e+02 1.500000000000000000e+02 2.905226309995268940e-03 1.327473572691320669e+01 5.636830457287985929e+00 7.715221683184306123e+00
0.000000000000000000e+00 1.081500000000000000e+05 3.000000000000000000e+02 3.004453818123624274e+02 2.000000000000000000e+00 1.200000000000000000e+02 4.800000000000000000e+02 1.500000000000000000e+02 1.826138346305467312e-03 1.832716829055348740e+01 7.782237066052436703e+00 8.450283716122308775e+00
0.000000000000000000e+00 1.081510000000000000e+05 1.000000000000000000e+02 9.994277441347874458e+01 2.000000000000000000e+00 1.200000000000000000e+02 4.800000000000000000e+02 1.200000000000000000e+02 4.585433039661305360e-02 4.497424848606499381e+00 1.909734542932696177e+00 4.874675184488296509e+00
0.000000000000000000e+00 1.081520000000000000e+05 1.250000000000000000e+02 1.249183497846071305e+02 2.000000000000000000e+00 1.200000000000000000e+02 4.800000000000000000e+02 1.200000000000000000e+02 2.390927249309063654e-02 5.621325740307341334e+00 2.386974836648552589e+00 5.449872096379597686e+00
0.000000000000000000e+00 1.081530000000000000e+05 1.500000000000000000e+02 1.499042527014097459e+02 2.000000000000000000e+00 1.200000000000000000e+02 4.800000000000000000e+02 1.200000000000000000e+02 1.361454276825741806e-02 6.595787118861778708e+00 2.800758861512432585e+00 5.970072189966837861e+00
0.000000000000000000e+00 1.081540000000000000e+05 6.000000000000000000e+01 5.996665838744585386e+01 2.000000000000000000e+00 1.200000000000000000e+02 4.800000000000000000e+02 9.000000000000000000e+01 1.118036888680913887e-01 2.518599652272698108e+00 1.069469066782462008e+00 3.775932659705480088e+00
0.000000000000000000e+00 1.081550000000000000e+05 7.000000000000000000e+01 6.996646765311841420e+01 2.000000000000000000e+00 1.200000000000000000e+02 4.800000000000000000e+02 9.000000000000000000e+01 9.598161359418481975e-02 3.078524576737152074e+00 1.307229119633610326e+00 4.078601414958636262e+00
0.000000000000000000e+00 1.081560000000000000e+05 8.000000000000000000e+01 8.002251284257501140e+01 2.000000000000000000e+00 1.200000000000000000e+02 4.800000000000000000e+02 9.000000000000000000e+01 7.711554624345499931e-02 3.520990565073304879e+00 1.495112766485479749e+00 4.361563891172409058e+00
0.000000000000000000e+00 1.081570000000000000e+05 9.000000000000000000e+01 8.995561440274993004e+01 2.000000000000000000e+00 1.200000000000000000e+02 4.800000000000000000e+02 9.000000000000000000e+01 5.988838019563234860e-02 4.048002648123620872e+00 1.718897090498352931e+00 4.624672542015711763e+00
0.000000000000000000e+00 1.081580000000000000e+05 2.500000000000000000e+01 2.496706967333387794e+01 2.000000000000000000e+00 1.200000000000000000e+02 4.800000000000000000e+02 6.000000000000000000e+01 7.669639744787166633e-03 7.240450205266846240e-01 3.074501148733267963e-01 2.436595067381858826e+00
0.000000000000000000e+00 1.081590000000000000e+05 3.000000000000000000e+01 2.992599892597604594e+01 2.000000000000000000e+00 1.200000000000000000e+02 4.800000000000000000e+02 6.000000000000000000e+01 3.451294776437151268e-02 9.875579645571832543e-01 4.193452078799079774e-01 2.667900453011194717e+00
0.000000000000000000e+00 1.081600000000000000e+05 4.000000000000000000e+01 3.992314453974617550e+01 2.000000000000000000e+00 1.200000000000000000e+02 4.800000000000000000e+02 6.000000000000000000e+01 9.273204020163075545e-02 1.517079492510326588e+00 6.441951135924953720e-01 3.081314121683438767e+00
0.000000000000000000e+00 1.081610000000000000e+05 5.000000000000000000e+01 4.993774124772861001e+01 2.000000000000000000e+00 1.200000000000000000e+02 4.800000000000000000e+02 6.000000000000000000e+01 1.171450461981534963e-01 1.997509649909119389e+00 8.481994267130018583e-01 3.445967336495717515e+00
0.000000000000000000e+00 1.081620000000000000e+05 3.000000000000000000e+01 2.993285127055364825e+01 2.000000000000000000e+00 1.200000000000000000e+02 5.400000000000000000e+02 6.000000000000000000e+01 3.170381123192796569e-03 9.578512406577033289e-01 4.067308877527402444e-01 2.668149967988332261e+00
0.000000000000000000e+00 1.081630000000000000e+05 4.000000000000000000e+01 3.994011894919917438e+01 2.000000000000000000e+00 1.200000000000000000e+02 5.400000000000000000e+02 6.000000000000000000e+01 3.502055496779915567e-02 1.437844282171212740e+00 6.105495890323621166e-01 3.081849311788876999e+00
0.000000000000000000e+00 1.081640000000000000e+05 5.000000000000000000e+01 4.991146278959820393e+01 2.000000000000000000e+00 1.200000000000000000e+02 5.400000000000000000e+02 6.000000000000000000e+01 6.794705933356463834e-02 1.946547048794339929e+00 8.265592563882547816e-01 3.445226276914278518e+00
0.000000000000000000e+00 1.081650000000000000e+05 6.000000000000000000e+01 5.985457587057379669e+01 2.000000000000000000e+00 1.200000000000000000e+02 5.400000000000000000e+02 9.000000000000000000e+01 8.064954389991367545e-02 2.454037610693532656e+00 1.042054187131011833e+00 3.773047258456548203e+00
0.000000000000000000e+00 1.081660000000000000e+05 7.000000000000000000e+01 6.990359451483212183e+01 2.000000000000000000e+00 1.200000000000000000e+02 5.400000000000000000e+02 9.000000000000000000e+01 7.739668628792636951e-02 2.935950969623021933e+00 1.246688309818692941e+00 4.077103336652119658e+00
0.000000000000000000e+00 1.081670000000000000e+05 8.000000000000000000e+01 8.002017196092560880e+01 2.000000000000000000e+00 1.200000000000000000e+02 5.400000000000000000e+02 9.000000000000000000e+01 6.675229400671489621e-02 3.440867394319766959e+00 1.461090188670814083e+00 4.361511766910552979e+00
0.000000000000000000e+00 1.081680000000000000e+05 9.000000000000000000e+01 8.998314265953351310e+01 2.000000000000000000e+00 1.200000000000000000e+02 5.400000000000000000e+02 9.000000000000000000e+01 5.528340791825488154e-02 3.779291991700432618e+00 1.604794900934366275e+00 4.625250736872355439e+00
0.000000000000000000e+00 1.081690000000000000e+05 1.000000000000000000e+02 9.994540533823027317e+01 2.000000000000000000e+00 1.200000000000000000e+02 5.400000000000000000e+02 1.200000000000000000e+02 4.450149836336189657e-02 4.297652429543987296e+00 1.824905490252223927e+00 4.874727626641591094e+00
0.000000000000000000e+00 1.081700000000000000e+05 1.250000000000000000e+02 1.249539292274902635e+02 2.000000000000000000e+00 1.200000000000000000e+02 5.400000000000000000e+02 1.200000000000000000e+02 2.535257143312975511e-02 5.123111098326987189e+00 2.175418725404240750e+00 5.450506627559661865e+00
0.000000000000000000e+00 1.081710000000000000e+05 1.500000000000000000e+02 1.498413428916960015e+02 2.000000000000000000e+00 1.200000000000000000e+02 5.400000000000000000e+02 1.200000000000000000e+02 1.512113383627060326e-02 6.293336401451000484e+00 2.672329682144798380e+00 5.969048062960307099e+00
0.000000000000000000e+00 1.081720000000000000e+05 2.000000000000000000e+02 1.999569503914011648e+02 2.000000000000000000e+00 1.200000000000000000e+02 5.400000000000000000e+02 1.500000000000000000e+02 6.621575930998747049e-03 8.998062767612822199e+00 3.820833446969351233e+00 6.894838313261668183e+00
0.000000000000000000e+00 1.081730000000000000e+05 2.500000000000000000e+02 2.502689835324779040e+02 2.000000000000000000e+00 1.200000000000000000e+02 5.400000000000000000e+02 1.500000000000000000e+02 3.609305050941052310e-03 1.276371816015640093e+01 5.419837859939024227e+00 7.712731093168258667e+00
0.000000000000000000e+00 1.081740000000000000e+05 3.000000000000000000e+02 3.002163827645752576e+02 2.000000000000000000e+00 1.200000000000000000e+02 5.400000000000000000e+02 1.500000000000000000e+02 2.304390706247307075e-03 1.741255020034532208e+01 7.393864203968290028e+00 8.447649806737899780e+00
0.000000000000000000e+00 1.081750000000000000e+05 4.000000000000000000e+02 4.006502530121807695e+02 2.000000000000000000e+00 1.200000000000000000e+02 5.400000000000000000e+02 1.800000000000000000e+02 1.213668417759090337e-03 3.966437504820518711e+01 1.684262210114869873e+01 9.758108814557393984e+00
0.000000000000000000e+00 1.081760000000000000e+05 5.000000000000000000e+02 5.012149743100819705e+02 2.000000000000000000e+00 1.200000000000000000e+02 5.400000000000000000e+02 1.800000000000000000e+02 7.687358405134802047e-04 5.212635732824765000e+01 2.213433432197352602e+01 1.091347859303156476e+01
0.000000000000000000e+00 1.081770000000000000e+05 6.000000000000000000e+02 6.009293707904784014e+02 2.000000000000000000e+00 1.200000000000000000e+02 5.400000000000000000e+02 1.800000000000000000e+02 5.590491932783857483e-04 6.369851330379106003e+01 2.704820097825522751e+01 1.195081947247187237e+01
0.000000000000000000e+00 1.081780000000000000e+05 4.000000000000000000e+02 4.006361787683674720e+02 2.000000000000000000e+00 1.200000000000000000e+02 6.000000000000000000e+02 1.800000000000000000e+02 1.476656521217457885e-03 3.966298169806822216e+01 1.684203044503958324e+01 9.757968743642171816e+00
0.000000000000000000e+00 1.081790000000000000e+05 5.000000000000000000e+02 5.015306643981269872e+02 2.000000000000000000e+00 1.200000000000000000e+02 6.000000000000000000e+02 1.800000000000000000e+02 9.552965096153759501e-04 5.266071976180384695e+01 2.236123981392944771e+01 1.091628905137380023e+01
0.000000000000000000e+00 1.081800000000000000e+05 6.000000000000000000e+02 6.015061584734004327e+02 2.000000000000000000e+00 1.200000000000000000e+02 6.000000000000000000e+02 1.800000000000000000e+02 6.786023492126030000e-04 6.315814663970684251e+01 2.681874591919611106e+01 1.195550749699274640e+01
0.000000000000000000e+00 1.081810000000000000e+05 2.000000000000000000e+02 1.999490121313261852e+02 2.000000000000000000e+00 1.200000000000000000e+02 6.000000000000000000e+02 1.500000000000000000e+02 7.342669932072560211e-03 8.597807521647069962e+00 3.650873682228055195e+00 6.894726256529490449e+00
0.000000000000000000e+00 1.081820000000000000e+05 2.500000000000000000e+02 2.500304630419847456e+02 2.000000000000000000e+00 1.200000000000000000e+02 6.000000000000000000e+02 1.500000000000000000e+02 4.183719634095172009e-03 1.200146222601506452e+01 5.096162304040366742e+00 7.709725817044575713e+00
0.000000000000000000e+00 1.081830000000000000e+05 3.000000000000000000e+02 3.001543025195092014e+02 2.000000000000000000e+00 1.200000000000000000e+02 6.000000000000000000e+02 1.500000000000000000e+02 2.743794267687255962e-03 1.680864094109210782e+01 7.137427151206839682e+00 8.446935792764028506e+00
0.000000000000000000e+00 1.081840000000000000e+05 1.000000000000000000e+02 9.980171647910896127e+01 2.000000000000000000e+00 1.200000000000000000e+02 6.000000000000000000e+02 1.200000000000000000e+02 3.933790808898549735e-02 3.992068659164260680e+00 1.695145927458284740e+00 4.871862749258677461e+00
0.000000000000000000e+00 1.081850000000000000e+05 1.250000000000000000e+02 1.248117330463814056e+02 2.000000000000000000e+00 1.200000000000000000e+02 6.000000000000000000e+02 1.200000000000000000e+02 2.460565202186966796e-02 4.992469321855139697e+00 2.119944510341885024e+00 5.447971075773239136e+00
0.000000000000000000e+00 1.081860000000000000e+05 1.500000000000000000e+02 1.497958800185696759e+02 2.000000000000000000e+00 1.200000000000000000e+02 6.000000000000000000e+02 1.200000000000000000e+02 1.565887052853526945e-02 5.842039320724339291e+00 2.480696102218403087e+00 5.968307981888453462e+00
0.000000000000000000e+00 1.081870000000000000e+05 6.000000000000000000e+01 5.993167715320792155e+01 2.000000000000000000e+00 1.200000000000000000e+02 6.000000000000000000e+02 9.000000000000000000e+01 4.678483277515374517e-02 2.337335408975143025e+00 9.924991120913558840e-01 3.775032316644986619e+00
0.000000000000000000e+00 1.081880000000000000e+05 7.000000000000000000e+01 6.988892396154435005e+01 2.000000000000000000e+00 1.200000000000000000e+02 6.000000000000000000e+02 9.000000000000000000e+01 5.395922973909336035e-02 2.795556958461702379e+00 1.187073018455075291e+00 4.076753497123718262e+00
0.000000000000000000e+00 1.081890000000000000e+05 8.000000000000000000e+01 7.982340337082015935e+01 2.000000000000000000e+00 1.200000000000000000e+02 6.000000000000000000e+02 9.000000000000000000e+01 5.212951499377019293e-02 3.272759538203494856e+00 1.389706810277492544e+00 4.357125689586003325e+00
0.000000000000000000e+00 1.081900000000000000e+05 9.000000000000000000e+01 8.987932994592459579e+01 2.000000000000000000e+00 1.200000000000000000e+02 6.000000000000000000e+02 9.000000000000000000e+01 4.608842235045790964e-02 3.685052527782836762e+00 1.564778143432202562e+00 4.623069574435551665e+00
0.000000000000000000e+00 1.081910000000000000e+05 4.000000000000000000e+01 3.988369380204918002e+01 2.000000000000000000e+00 1.200000000000000000e+02 6.000000000000000000e+02 6.000000000000000000e+01 7.028980249900461212e-03 1.395929283071755123e+00 5.927512879285584679e-01 3.080069790283838760e+00
0.000000000000000000e+00 1.081920000000000000e+05 5.000000000000000000e+01 4.987735981916477357e+01 2.000000000000000000e+00 1.200000000000000000e+02 6.000000000000000000e+02 6.000000000000000000e+01 2.811781516116163004e-02 1.845462313309042202e+00 7.836358018297419070e-01 3.444264367222785950e+00
0.000000000000000000e+00 1.079700000000000000e+05 8.000000000000000000e+00 8.020259475506932745e+00 2.000000000000000000e+00 1.200000000000000000e+02 6.000000000000000000e+01 3.000000000000000000e+01 5.577562823751549409e-02 4.731953090549128049e-01 2.009321906814916514e-01 1.380515602727730995e+00
0.000000000000000000e+00 1.079710000000000000e+05 1.000000000000000000e+01 1.002081272900312925e+01 2.000000000000000000e+00 1.200000000000000000e+02 6.000000000000000000e+01 3.000000000000000000e+01 4.546162379736021220e-02 6.513528273852031703e-01 2.765829415648420886e-01 1.543179417649904961e+00
0.000000000000000000e+00 1.079720000000000000e+05 1.200000000000000000e+01 1.206002904272751941e+01 2.000000000000000000e+00 1.200000000000000000e+02 6.000000000000000000e+01 3.000000000000000000e+01 3.997555929699850991e-02 9.286222362900016236e-01 3.943194209299369923e-01 1.692481917639573341e+00
0.000000000000000000e+00 1.079730000000000000e+05 1.500000000000000000e+01 1.506962013367450126e+01 2.000000000000000000e+00 1.200000000000000000e+02 6.000000000000000000e+01 3.000000000000000000e+01 2.894021162437707476e-02 1.386405052298066209e+00 5.887070285766735633e-01 1.891974200805028206e+00
0.000000000000000000e+00 1.079740000000000000e+05 2.000000000000000000e+01 2.015539388157490563e+01 2.000000000000000000e+00 1.200000000000000000e+02 6.000000000000000000e+01 3.000000000000000000e+01 2.271350927469328179e-02 2.499268841315334555e+00 1.061260654486341659e+00 2.187444393833478440e+00
0.000000000000000000e+00 1.079750000000000000e+05 2.500000000000000000e+01 2.522387116410380159e+01 2.000000000000000000e+00 1.200000000000000000e+02 6.000000000000000000e+01 6.000000000000000000e+01 1.924196759843758986e-02 3.733132932287254846e+00 1.585194451077390543e+00 2.446813906232515823e+00
0.000000000000000000e+00 1.079760000000000000e+05 3.000000000000000000e+01 3.041134243671422155e+01 2.000000000000000000e+00 1.200000000000000000e+02 6.000000000000000000e+01 6.000000000000000000e+01 3.438545024853822442e-03 5.230750899114894992e+00 2.221125647182545571e+00 2.685517519712448120e+00
0.000000000000000000e+00 1.079890000000000000e+05 8.000000000000000000e+00 8.000000000000000000e+00 2.000000000000000000e+00 1.200000000000000000e+02 1.200000000000000000e+02 3.000000000000000000e+01 4.932010548645118186e-06 6.472000000000005748e+00 2.748195329087051331e+00 1.379089032610257393e+00
0.000000000000000000e+00 1.079940000000000000e+05 8.000000000000000000e+00 8.011438625954049542e+00 2.000000000000000000e+00 1.200000000000000000e+02 6.000000000000000000e+01 3.000000000000000000e+01 5.497040746123446620e-02 4.726748789312855692e-01 2.007112012447072602e-01 1.379894586900870079e+00
0.000000000000000000e+00 1.079950000000000000e+05 1.000000000000000000e+01 1.005167430353020741e+01 2.000000000000000000e+00 1.200000000000000000e+02 6.000000000000000000e+01 3.000000000000000000e+01 4.472288439425468193e-02 6.634105040329902891e-01 2.817029741116731656e-01 1.545121297240257263e+00
0.000000000000000000e+00 1.079960000000000000e+05 1.200000000000000000e+01 1.209145276876772535e+01 2.000000000000000000e+00 1.200000000000000000e+02 6.000000000000000000e+01 3.000000000000000000e+01 3.992203015391210946e-02 9.189504104263761519e-01 3.902124885037690505e-01 1.694284861286481148e+00
0.000000000000000000e+00 1.079970000000000000e+05 1.500000000000000000e+01 1.514989211009289605e+01 2.000000000000000000e+00 1.200000000000000000e+02 6.000000000000000000e+01 3.000000000000000000e+01 2.868789480147079102e-02 1.408939966238606623e+00 5.982759941565208850e-01 1.896091808875401741e+00
0.000000000000000000e+00 1.079980000000000000e+05 2.000000000000000000e+01 2.020766548943240437e+01 2.000000000000000000e+00 1.200000000000000000e+02 6.000000000000000000e+01 3.000000000000000000e+01 2.244734857282600429e-02 2.465335189710661012e+00 1.046851460599006911e+00 2.189764752984046936e+00
0.000000000000000000e+00 1.079990000000000000e+05 2.500000000000000000e+01 2.535715444949394382e+01 2.000000000000000000e+00 1.200000000000000000e+02 6.000000000000000000e+01 6.000000000000000000e+01 1.907516030482649810e-02 3.778216012974695559e+00 1.604338009755709393e+00 2.452100207408269394e+00
0.000000000000000000e+00 1.080000000000000000e+05 3.000000000000000000e+01 3.039304687629941881e+01 2.000000000000000000e+00 1.200000000000000000e+02 6.000000000000000000e+01 6.000000000000000000e+01 1.665057615868963115e-02 5.014852734589547723e+00 2.129449144199383248e+00 2.684855634967485916e+00
0.000000000000000000e+00 1.080010000000000000e+05 4.000000000000000000e+01 4.056668700292411955e+01 2.000000000000000000e+00 1.200000000000000000e+02 6.000000000000000000e+01 6.000000000000000000e+01 1.227366397232903042e-02 7.545403782544191529e+00 3.203993113606875554e+00 3.101539656519889832e+00
0.000000000000000000e+00 1.080020000000000000e+05 5.000000000000000000e+01 5.071852891256565243e+01 2.000000000000000000e+00 1.200000000000000000e+02 6.000000000000000000e+01 6.000000000000000000e+01 8.961939928945219722e-03 1.014370578251302391e+01 4.307306064761369235e+00 3.467911755045255173e+00
0.000000000000000000e+00 1.080030000000000000e+05 6.000000000000000000e+01 6.103289494095245971e+01 2.000000000000000000e+00 1.200000000000000000e+02 6.000000000000000000e+01 9.000000000000000000e+01 6.609541154110259303e-03 1.336620399206897503e+01 5.675670484954978612e+00 3.803268546859423171e+00
0.000000000000000000e+00 1.080040000000000000e+05 7.000000000000000000e+01 7.143979735664811415e+01 2.000000000000000000e+00 1.200000000000000000e+02 6.000000000000000000e+01 9.000000000000000000e+01 4.608454614288614443e-03 1.657403298674194048e+01 7.037805939168552349e+00 4.113546982407569885e+00
0.000000000000000000e+00 1.080050000000000000e+05 8.000000000000000000e+01 8.150021942351213511e+01 2.000000000000000000e+00 1.200000000000000000e+02 6.000000000000000000e+01 9.000000000000000000e+01 3.077941810601487246e-03 2.013055419760711828e+01 8.548006028707906268e+00 4.394356727600097656e+00
0.000000000000000000e+00 1.080060000000000000e+05 9.000000000000000000e+01 9.184731972799505684e+01 2.000000000000000000e+00 1.200000000000000000e+02 6.000000000000000000e+01 9.000000000000000000e+01 2.081888544672255269e-03 2.323737189118312330e+01 9.867249210693470829e+00 4.664243837197621367e+00
0.000000000000000000e+00 1.080070000000000000e+05 1.000000000000000000e+02 1.023017419777473833e+02 2.000000000000000000e+00 1.200000000000000000e+02 6.000000000000000000e+01 1.200000000000000000e+02 1.339108659717856611e-03 2.598464246234784270e+01 1.103381845534940275e+01 4.921464939912159942e+00
0.000000000000000000e+00 1.080080000000000000e+05 1.250000000000000000e+02 1.279060701484450817e+02 2.000000000000000000e+00 1.200000000000000000e+02 6.000000000000000000e+01 1.200000000000000000e+02 2.740287486057279166e-04 2.762771115206481198e+01 1.173151216648187400e+01 5.502875169118245147e+00
0.000000000000000000e+00 1.080130000000000000e+05 8.000000000000000000e+00 8.000000000000000000e+00 2.000000000000000000e+00 1.200000000000000000e+02 1.200000000000000000e+02 3.000000000000000000e+01 8.267821568921384815e-06 3.456000000000003070e+00 1.467515923566880209e+00 1.379089032610257393e+00
0.000000000000000000e+00 1.080200000000000000e+05 4.000000000000000000e+01 4.027453388244606458e+01 2.000000000000000000e+00 1.200000000000000000e+02 1.200000000000000000e+02 6.000000000000000000e+01 2.286393312795332103e-02 2.617844702358986808e+00 1.111611338581310671e+00 3.092374533414840698e+00
0.000000000000000000e+00 1.080210000000000000e+05 5.000000000000000000e+01 5.038469976520589455e+01 2.000000000000000000e+00 1.200000000000000000e+02 1.200000000000000000e+02 6.000000000000000000e+01 2.537930556190320930e-02 3.678083082860101882e+00 1.561818718836561315e+00 3.458546961347261917e+00
0.000000000000000000e+00 1.080220000000000000e+05 6.000000000000000000e+01 6.058441363520670819e+01 2.000000000000000000e+00 1.200000000000000000e+02 1.200000000000000000e+02 9.000000000000000000e+01 1.525621535985146812e-02 5.028506331722287115e+00 2.135246849988232221e+00 3.791795348127683152e+00
0.000000000000000000e+00 1.080230000000000000e+05 7.000000000000000000e+01 7.068505984879188020e+01 2.000000000000000000e+00 1.200000000000000000e+02 1.200000000000000000e+02 9.000000000000000000e+01 9.332021401162821084e-03 6.432340446240054632e+00 2.731354754242061311e+00 4.095683981974919341e+00
0.000000000000000000e+00 1.080240000000000000e+05 8.000000000000000000e+01 8.083366559257198958e+01 2.000000000000000000e+00 1.200000000000000000e+02 1.200000000000000000e+02 9.000000000000000000e+01 5.600217582410220961e-03 8.083366559257143535e+00 3.432427413697300977e+00 4.379596273104350068e+00
0.000000000000000000e+00 1.080250000000000000e+05 9.000000000000000000e+01 9.104627064192440855e+01 2.000000000000000000e+00 1.200000000000000000e+02 1.200000000000000000e+02 9.000000000000000000e+01 3.417723303638570999e-03 9.832997229327929745e+00 4.175370373387655931e+00 4.647529711325963042e+00
0.000000000000000000e+00 1.080260000000000000e+05 1.000000000000000000e+02 1.014914058289654264e+02 2.000000000000000000e+00 1.200000000000000000e+02 1.200000000000000000e+02 1.200000000000000000e+02 2.039933460900151228e-03 1.187449448198904634e+01 5.042248187681123817e+00 4.905444055795669556e+00
0.000000000000000000e+00 1.080270000000000000e+05 1.250000000000000000e+02 1.269178925329317451e+02 2.000000000000000000e+00 1.200000000000000000e+02 1.200000000000000000e+02 1.200000000000000000e+02 5.112967836086420095e-04 1.370713239355643509e+01 5.820438383675768712e+00 5.485403180122375488e+00
0.000000000000000000e+00 1.080280000000000000e+05 1.500000000000000000e+02 1.523887198442909892e+02 2.000000000000000000e+00 1.200000000000000000e+02 1.200000000000000000e+02 1.200000000000000000e+02 1.287608571916061149e-04 1.371498478598667248e+01 5.823772732903045757e+00 6.010368744532267549e+00
