# RunNumber Energy Ei Chopper Chopper1 Chopper2 Chopper3 Height FWHM Sigma Q
0.000000000000000000e+00 1.075200000000000000e+05 2.000000000000000000e+02 2.024735006495907896e+02 1.000000000000000000e+00 1.200000000000000000e+02 1.200000000000000000e+02 6.000000000000000000e+01 1.353731425916814175e-02 3.502791561237886242e+01 1.487384951693369928e+01 6.930209875106811523e+00
0.000000000000000000e+00 1.075210000000000000e+05 2.500000000000000000e+02 2.531142587191583289e+02 1.000000000000000000e+00 1.200000000000000000e+02 1.200000000000000000e+02 6.000000000000000000e+01 9.543706651027477478e-03 4.707925212176473906e+01 1.999118986062196868e+01 7.748490869998931885e+00
0.000000000000000000e+00 1.075220000000000000e+05 3.000000000000000000e+02 3.036226481923495726e+02 1.000000000000000000e+00 1.200000000000000000e+02 1.200000000000000000e+02 6.000000000000000000e+01 7.740453037355297244e-03 5.890279374931492384e+01 2.501180201669423653e+01 8.486736019452413515e+00
0.000000000000000000e+00 1.075230000000000000e+05 4.000000000000000000e+02 4.066423742229620188e+02 1.000000000000000000e+00 1.200000000000000000e+02 1.200000000000000000e+02 6.000000000000000000e+01 5.861987704827680522e-03 8.376832908993154092e+01 3.557041574944014428e+01 9.817587037881216006e+00
0.000000000000000000e+00 1.075240000000000000e+05 5.000000000000000000e+02 5.095223388309743200e+02 1.000000000000000000e+00 1.200000000000000000e+02 1.200000000000000000e+02 6.000000000000000000e+01 4.573555829944815979e-03 1.085282581709979581e+02 4.608418605987174743e+01 1.098718267679214478e+01
0.000000000000000000e+00 1.075250000000000000e+05 6.000000000000000000e+02 6.108663004687530247e+02 1.000000000000000000e+00 1.200000000000000000e+02 1.200000000000000000e+02 6.000000000000000000e+01 3.760699790067345040e-03 1.356123187040577704e+02 5.758484870660627308e+01 1.203133018811543842e+01
0.000000000000000000e+00 1.075260000000000000e+05 7.000000000000000000e+02 7.162672741016518785e+02 1.000000000000000000e+00 1.200000000000000000e+02 1.200000000000000000e+02 6.000000000000000000e+01 3.181844292392544717e-03 1.618764039469737099e+02 6.873732651676165517e+01 1.302212884028752704e+01
0.000000000000000000e+00 1.075270000000000000e+05 8.000000000000000000e+02 8.178246446653726025e+02 1.000000000000000000e+00 1.200000000000000000e+02 1.200000000000000000e+02 6.000000000000000000e+01 2.751825940964966813e-03 1.946422654303635227e+02 8.265064349484650563e+01 1.391589254140853882e+01
0.000000000000000000e+00 1.075280000000000000e+05 9.000000000000000000e+02 9.215262327846390917e+02 1.000000000000000000e+00 1.200000000000000000e+02 1.200000000000000000e+02 6.000000000000000000e+01 2.375134078755344793e-03 2.313030844289418724e+02 9.821787024583518644e+01 1.476972693204879761e+01
0.000000000000000000e+00 1.075290000000000000e+05 1.000000000000000000e+03 1.025223886483991691e+03 1.000000000000000000e+00 1.200000000000000000e+02 1.200000000000000000e+02 6.000000000000000000e+01 2.151196010968242991e-03 2.645077627128755466e+02 1.123175213218155193e+02 1.557680445909500122e+01
0.000000000000000000e+00 1.075300000000000000e+05 1.200000000000000000e+03 1.231857943364118228e+03 1.000000000000000000e+00 1.200000000000000000e+02 1.200000000000000000e+02 6.000000000000000000e+01 1.766771861878724086e-03 3.424565082552369404e+02 1.454167763291876554e+02 1.707257902622222900e+01
0.000000000000000000e+00 1.075310000000000000e+05 1.500000000000000000e+03 1.563261877319462656e+03 1.000000000000000000e+00 1.200000000000000000e+02 1.200000000000000000e+02 6.000000000000000000e+01 1.394046759122666550e-03 4.658520394412166752e+02 1.978140294867162083e+02 1.920661775271097937e+01
0.000000000000000000e+00 1.075320000000000000e+05 1.800000000000000000e+03 1.854306106405718083e+03 1.000000000000000000e+00 1.200000000000000000e+02 1.200000000000000000e+02 6.000000000000000000e+01 1.174073673507846803e-03 5.952322601562348154e+02 2.527525520833268899e+02 2.093981401125590125e+01
0.000000000000000000e+00 1.075330000000000000e+05 2.000000000000000000e+03 1.979579329531273970e+03 1.000000000000000000e+00 1.200000000000000000e+02 1.200000000000000000e+02 6.000000000000000000e+01 1.158526634155987705e-03 6.374245441090619124e+02 2.706685962246547206e+02 2.171411657333374023e+01
0.000000000000000000e+00 1.075340000000000000e+05 1.500000000000000000e+01 1.508366688047732040e+01 1.000000000000000000e+00 2.400000000000000000e+02 1.200000000000000000e+02 6.000000000000000000e+01 7.137213554860362408e-03 5.128446739362413354e-01 2.177684390387436553e-01 1.892695382237434387e+00
0.000000000000000000e+00 1.075350000000000000e+05 2.000000000000000000e+01 2.015074740531119701e+01 1.000000000000000000e+00 2.400000000000000000e+02 1.200000000000000000e+02 6.000000000000000000e+01 6.104767812830425716e-02 7.052761591859191270e-01 2.994803223719401664e-01 2.187237878640492905e+00
0.000000000000000000e+00 1.075360000000000000e+05 3.000000000000000000e+01 3.026568839489724994e+01 1.000000000000000000e+00 2.400000000000000000e+02 1.200000000000000000e+02 6.000000000000000000e+01 1.734565409286171755e-01 1.271158912585658385e+00 5.397702388898761861e-01 2.680243104696273804e+00
0.000000000000000000e+00 1.075370000000000000e+05 4.000000000000000000e+01 4.037912883917631746e+01 1.000000000000000000e+00 2.400000000000000000e+02 1.200000000000000000e+02 6.000000000000000000e+01 2.144404216019428211e-01 1.978577313119686210e+00 8.401602178852171088e-01 3.095658908287683975e+00
0.000000000000000000e+00 1.075380000000000000e+05 5.000000000000000000e+01 5.052436124612098212e+01 1.000000000000000000e+00 2.400000000000000000e+02 1.200000000000000000e+02 6.000000000000000000e+01 2.101967628458968618e-01 2.778839868536717717e+00 1.179974466469943861e+00 3.462467819452285767e+00
0.000000000000000000e+00 1.075390000000000000e+05 6.000000000000000000e+01 6.066623063069369692e+01 1.000000000000000000e+00 2.400000000000000000e+02 1.200000000000000000e+02 6.000000000000000000e+01 1.858883857960600960e-01 3.579307607210971298e+00 1.519875841703172581e+00 3.793891107042630662e+00
0.000000000000000000e+00 1.075400000000000000e+05 7.000000000000000000e+01 7.077473776404927719e+01 1.000000000000000000e+00 2.400000000000000000e+02 1.200000000000000000e+02 6.000000000000000000e+01 1.542079695094759617e-01 4.388033741370932717e+00 1.863283966611861020e+00 4.097810690601666472e+00
0.000000000000000000e+00 1.075410000000000000e+05 8.000000000000000000e+01 8.094371450863879147e+01 1.000000000000000000e+00 2.400000000000000000e+02 1.200000000000000000e+02 6.000000000000000000e+01 1.237596906779452333e-01 5.180397728553089109e+00 2.199744258408955044e+00 4.382036666075388887e+00
0.000000000000000000e+00 1.075420000000000000e+05 9.000000000000000000e+01 9.099588840134494205e+01 1.000000000000000000e+00 2.400000000000000000e+02 1.200000000000000000e+02 6.000000000000000000e+01 9.821025161663732295e-02 6.005728634488761486e+00 2.550203241821130007e+00 4.646476298570632935e+00
0.000000000000000000e+00 1.075430000000000000e+05 1.000000000000000000e+02 1.011443089597948699e+02 1.000000000000000000e+00 2.400000000000000000e+02 1.200000000000000000e+02 6.000000000000000000e+01 7.785508643101614334e-02 6.978957318225930351e+00 2.963463829395299509e+00 4.898565272490183808e+00
0.000000000000000000e+00 1.075440000000000000e+05 1.200000000000000000e+02 1.211923502141953293e+02 1.000000000000000000e+00 2.400000000000000000e+02 1.200000000000000000e+02 6.000000000000000000e+01 4.939775841179563920e-02 8.725849215421980887e+00 3.705243828204662915e+00 5.362834741671879790e+00
0.000000000000000000e+00 1.075450000000000000e+05 1.500000000000000000e+02 1.512964151121053646e+02 1.000000000000000000e+00 2.400000000000000000e+02 1.200000000000000000e+02 6.000000000000000000e+01 2.775946388714091440e-02 1.180112037874377506e+01 5.011091455942154660e+00 5.992686748504638672e+00
0.000000000000000000e+00 1.075460000000000000e+05 2.000000000000000000e+02 2.013843863249342121e+02 1.000000000000000000e+00 2.400000000000000000e+02 1.200000000000000000e+02 6.000000000000000000e+01 1.424235633921963791e-02 1.812459476924388468e+01 7.696218585666192880e+00 6.914924542109171846e+00
0.000000000000000000e+00 1.075470000000000000e+05 2.500000000000000000e+02 2.516529702196384051e+02 1.000000000000000000e+00 2.400000000000000000e+02 1.200000000000000000e+02 6.000000000000000000e+01 9.447615278137389341e-03 2.692686781350126068e+01 1.143391414586040788e+01 7.730146259069442749e+00
0.000000000000000000e+00 1.075480000000000000e+05 3.000000000000000000e+02 3.022817270428830625e+02 1.000000000000000000e+00 2.400000000000000000e+02 1.200000000000000000e+02 6.000000000000000000e+01 7.277351954430680801e-03 3.990118796966226000e+01 1.694317960495212816e+01 8.471371213595071836e+00
0.000000000000000000e+00 1.075490000000000000e+05 4.000000000000000000e+02 4.035916895231318904e+02 1.000000000000000000e+00 2.400000000000000000e+02 1.200000000000000000e+02 6.000000000000000000e+01 5.405182813809552428e-03 5.892438667037629330e+01 2.502097098529779018e+01 9.787352065245309873e+00
0.000000000000000000e+00 1.075500000000000000e+05 5.000000000000000000e+02 5.051076511336211183e+02 1.000000000000000000e+00 2.400000000000000000e+02 1.200000000000000000e+02 6.000000000000000000e+01 4.361001593970723934e-03 7.425082471664114792e+01 3.152901261853127224e+01 1.094807817538579364e+01
0.000000000000000000e+00 1.075510000000000000e+05 6.000000000000000000e+02 6.080314835674811320e+02 1.000000000000000000e+00 2.400000000000000000e+02 1.200000000000000000e+02 6.000000000000000000e+01 3.655022796242512854e-03 8.998865956798385923e+01 3.821174503948359558e+01 1.200841967264811139e+01
0.000000000000000000e+00 1.075520000000000000e+05 7.000000000000000000e+02 7.082742422440289829e+02 1.000000000000000000e+00 2.400000000000000000e+02 1.200000000000000000e+02 6.000000000000000000e+01 3.083273032850072579e-03 1.069494105788507454e+02 4.541376245386443600e+01 1.296236425638198853e+01
0.000000000000000000e+00 1.075530000000000000e+05 8.000000000000000000e+02 8.107415816569567824e+02 1.000000000000000000e+00 2.400000000000000000e+02 1.200000000000000000e+02 6.000000000000000000e+01 2.704621119095332055e-03 1.248542035751689809e+02 5.301664695336262412e+01 1.386635847886403461e+01
0.000000000000000000e+00 1.075540000000000000e+05 9.000000000000000000e+02 9.117233166094417811e+02 1.000000000000000000e+00 2.400000000000000000e+02 1.200000000000000000e+02 6.000000000000000000e+01 2.406313154091667145e-03 1.422288373910703854e+02 6.039441078177086553e+01 1.470511041084925274e+01
0.000000000000000000e+00 1.075550000000000000e+05 1.000000000000000000e+03 1.015695366491712434e+03 1.000000000000000000e+00 2.400000000000000000e+02 1.200000000000000000e+02 6.000000000000000000e+01 2.150490790690292881e-03 1.614955632721778329e+02 6.857561073128570683e+01 1.551726824045181274e+01
0.000000000000000000e+00 1.075560000000000000e+05 1.200000000000000000e+03 1.216738602909224255e+03 1.000000000000000000e+00 2.400000000000000000e+02 1.200000000000000000e+02 6.000000000000000000e+01 1.791381360211835496e-03 2.007618694800231651e+02 8.524920147771683787e+01 1.698633321126301965e+01
0.000000000000000000e+00 1.075570000000000000e+05 1.500000000000000000e+03 1.526757251183298422e+03 1.000000000000000000e+00 2.400000000000000000e+02 1.200000000000000000e+02 6.000000000000000000e+01 1.449763944578370779e-03 2.717627907106295879e+02 1.153982126159785935e+02 1.902111728986104211e+01
0.000000000000000000e+00 1.075580000000000000e+05 1.800000000000000000e+03 1.840628722570950004e+03 1.000000000000000000e+00 2.400000000000000000e+02 1.200000000000000000e+02 6.000000000000000000e+01 1.229230655200262527e-03 3.405163136756266340e+02 1.445929145119433770e+02 2.087627331415812293e+01
0.000000000000000000e+00 1.075590000000000000e+05 2.000000000000000000e+03 2.045654354603884940e+03 1.000000000000000000e+00 2.400000000000000000e+02 1.200000000000000000e+02 6.000000000000000000e+01 1.092359763294680711e-03 3.989025991477654998e+02 1.693853924194333445e+02 2.200778218110402307e+01
0.000000000000000000e+00 1.075600000000000000e+05 2.500000000000000000e+03 2.591305002145260460e+03 1.000000000000000000e+00 2.400000000000000000e+02 1.200000000000000000e+02 6.000000000000000000e+01 8.551052324337982211e-04 5.571305754612160399e+02 2.365734927648475718e+02 2.474022722244262695e+01
0.000000000000000000e+00 1.075610000000000000e+05 3.000000000000000000e+03 2.229371639349535144e+03 1.000000000000000000e+00 2.400000000000000000e+02 1.200000000000000000e+02 6.000000000000000000e+01 nan -1.000000000000000000e+00 -4.246284501061571293e-01 2.372972710927327356e+01
0.000000000000000000e+00 1.075620000000000000e+05 3.000000000000000000e+01 3.124106295955198576e+01 1.000000000000000000e+00 3.600000000000000000e+02 1.200000000000000000e+02 6.000000000000000000e+01 1.085089710807919054e-03 1.030955077665211661e+00 4.377728567580516650e-01 2.715361475944519043e+00
0.000000000000000000e+00 1.075630000000000000e+05 4.000000000000000000e+01 4.027463663340799371e+01 1.000000000000000000e+00 3.600000000000000000e+02 1.200000000000000000e+02 6.000000000000000000e+01 2.429748099619540372e-02 1.490161555436142038e+00 6.327649916926293416e-01 3.092377786835034836e+00
0.000000000000000000e+00 1.075640000000000000e+05 5.000000000000000000e+01 5.047677524796172577e+01 1.000000000000000000e+00 3.600000000000000000e+02 1.200000000000000000e+02 6.000000000000000000e+01 5.190738789338245063e-02 1.968594234670501208e+00 8.359211187560514622e-01 3.461132312814394485e+00
0.000000000000000000e+00 1.075650000000000000e+05 6.000000000000000000e+01 6.056090224204302075e+01 1.000000000000000000e+00 3.600000000000000000e+02 1.200000000000000000e+02 6.000000000000000000e+01 6.632993992580883680e-02 2.664679698649834449e+00 1.131498810467020943e+00 3.791192745169003953e+00
0.000000000000000000e+00 1.075660000000000000e+05 7.000000000000000000e+01 7.079205659727981015e+01 1.000000000000000000e+00 3.600000000000000000e+02 1.200000000000000000e+02 6.000000000000000000e+01 6.908567360274589508e-02 3.256434603474744449e+00 1.382774778545539096e+00 4.098221431175868013e+00
0.000000000000000000e+00 1.075670000000000000e+05 8.000000000000000000e+01 8.073617065114197544e+01 1.000000000000000000e+00 3.600000000000000000e+02 1.200000000000000000e+02 6.000000000000000000e+01 6.490704437610604616e-02 3.956072361906002754e+00 1.679860875543950138e+00 4.377432763576507568e+00
0.000000000000000000e+00 1.075680000000000000e+05 9.000000000000000000e+01 9.090638318398704598e+01 1.000000000000000000e+00 3.600000000000000000e+02 1.200000000000000000e+02 6.000000000000000000e+01 5.794356563369258001e-02 4.545319159199223691e+00 1.930071829808587491e+00 4.644604633251826264e+00
0.000000000000000000e+00 1.075690000000000000e+05 1.000000000000000000e+02 1.009145954263771046e+02 1.000000000000000000e+00 3.600000000000000000e+02 1.200000000000000000e+02 6.000000000000000000e+01 5.000256789834264110e-02 5.247558962171467556e+00 2.228262828947544794e+00 4.894007295370101929e+00
0.000000000000000000e+00 1.075700000000000000e+05 1.200000000000000000e+02 1.208681706771396165e+02 1.000000000000000000e+00 3.600000000000000000e+02 1.200000000000000000e+02 6.000000000000000000e+01 3.653404275582477351e-02 6.406013045888499846e+00 2.720175391035456247e+00 5.356958508491516113e+00
0.000000000000000000e+00 1.075710000000000000e+05 1.500000000000000000e+02 1.509329333801890698e+02 1.000000000000000000e+00 3.600000000000000000e+02 1.200000000000000000e+02 6.000000000000000000e+01 2.351397203086947468e-02 8.150378402530265021e+00 3.460882548845123363e+00 5.986790955066680908e+00
0.000000000000000000e+00 1.075720000000000000e+05 2.000000000000000000e+02 2.008359996662060780e+02 1.000000000000000000e+00 3.600000000000000000e+02 1.200000000000000000e+02 6.000000000000000000e+01 1.334309879991266157e-02 1.245183197930506935e+01 5.287402114354594396e+00 6.907215038935343721e+00
0.000000000000000000e+00 1.075730000000000000e+05 2.500000000000000000e+02 2.511900609952337220e+02 1.000000000000000000e+00 3.600000000000000000e+02 1.200000000000000000e+02 6.000000000000000000e+01 9.121407897098619127e-03 1.858806451364684165e+01 7.893021024903117855e+00 7.724326014518737793e+00
0.000000000000000000e+00 1.075740000000000000e+05 3.000000000000000000e+02 3.018060301143196398e+02 1.000000000000000000e+00 3.600000000000000000e+02 1.200000000000000000e+02 6.000000000000000000e+01 7.065834598741415826e-03 2.716254271028759604e+01 1.153398841201171798e+01 8.465913871924081846e+00
0.000000000000000000e+00 1.075750000000000000e+05 4.000000000000000000e+02 4.022462607006795565e+02 1.000000000000000000e+00 3.600000000000000000e+02 1.200000000000000000e+02 6.000000000000000000e+01 5.067361622159574121e-03 4.947629006618348058e+01 2.100904036780615058e+01 9.773987174034118652e+00
0.000000000000000000e+00 1.075760000000000000e+05 5.000000000000000000e+02 5.034193452536452469e+02 1.000000000000000000e+00 3.600000000000000000e+02 1.200000000000000000e+02 6.000000000000000000e+01 4.122807580807000619e-03 6.292741815670410688e+01 2.672077204106331649e+01 1.093308532238006592e+01
0.000000000000000000e+00 1.075770000000000000e+05 6.000000000000000000e+02 6.045420571081778007e+02 1.000000000000000000e+00 3.600000000000000000e+02 1.200000000000000000e+02 6.000000000000000000e+01 3.488562123664358874e-03 7.738138330984656932e+01 3.285833686193060288e+01 1.198015524943669696e+01
0.000000000000000000e+00 1.075780000000000000e+05 7.000000000000000000e+02 7.053440420045742485e+02 1.000000000000000000e+00 3.600000000000000000e+02 1.200000000000000000e+02 6.000000000000000000e+01 3.044960105401249128e-03 9.169472546059580509e+01 3.893618915524238133e+01 1.294038381179173847e+01
0.000000000000000000e+00 1.075790000000000000e+05 8.000000000000000000e+02 8.077449261916868863e+02 1.000000000000000000e+00 3.600000000000000000e+02 1.200000000000000000e+02 6.000000000000000000e+01 2.688053778237579558e-03 1.058145853311092992e+02 4.493188336777465253e+01 1.384534748395284076e+01
0.000000000000000000e+00 1.075800000000000000e+05 9.000000000000000000e+02 9.076269926403837189e+02 1.000000000000000000e+00 3.600000000000000000e+02 1.200000000000000000e+02 6.000000000000000000e+01 2.412856226922529494e-03 1.188991360358871248e+02 5.048795585387988183e+01 1.467802125215530396e+01
0.000000000000000000e+00 1.075810000000000000e+05 1.000000000000000000e+03 1.009160334588003707e+03 1.000000000000000000e+00 3.600000000000000000e+02 1.200000000000000000e+02 6.000000000000000000e+01 2.189853651961051403e-03 1.342183245002025274e+02 5.699291910836625163e+01 1.547630035877227783e+01
0.000000000000000000e+00 1.075820000000000000e+05 1.200000000000000000e+03 1.213817734442122173e+03 1.000000000000000000e+00 3.600000000000000000e+02 1.200000000000000000e+02 6.000000000000000000e+01 1.834079702309637707e-03 1.650792118841336560e+02 7.009732988710558743e+01 1.696962058544158936e+01
0.000000000000000000e+00 1.075830000000000000e+05 1.500000000000000000e+03 1.516804977036904802e+03 1.000000000000000000e+00 3.600000000000000000e+02 1.200000000000000000e+02 6.000000000000000000e+01 1.513668507105432430e-03 2.123526967851717018e+02 9.017099651175018948e+01 1.897022000948588172e+01
0.000000000000000000e+00 1.075840000000000000e+05 1.800000000000000000e+03 1.824978925785197589e+03 1.000000000000000000e+00 3.600000000000000000e+02 1.200000000000000000e+02 6.000000000000000000e+01 1.263700090148160400e-03 2.646219442388564858e+02 1.123660060462235606e+02 2.080332334836323938e+01
0.000000000000000000e+00 1.075850000000000000e+05 2.000000000000000000e+03 2.033648570526365347e+03 1.000000000000000000e+00 3.600000000000000000e+02 1.200000000000000000e+02 6.000000000000000000e+01 1.142742277590966249e-03 3.030136370084244390e+02 1.286682110439169548e+02 2.195472522576649865e+01
0.000000000000000000e+00 1.075860000000000000e+05 2.500000000000000000e+03 2.552013295176201154e+03 1.000000000000000000e+00 3.600000000000000000e+02 1.200000000000000000e+02 6.000000000000000000e+01 9.121554172091697697e-04 4.057701139330263231e+02 1.723015345787797514e+02 2.458548355102539062e+01
0.000000000000000000e+00 1.075870000000000000e+05 3.000000000000000000e+03 3.028066678515143849e+03 1.000000000000000000e+00 3.600000000000000000e+02 1.200000000000000000e+02 6.000000000000000000e+01 8.050466289019444274e-04 5.087152019905515772e+02 2.160149477666885787e+02 2.680786132812500000e+01
0.000000000000000000e+00 1.075880000000000000e+05 3.500000000000000000e+03 3.468963502900023741e+03 1.000000000000000000e+00 3.600000000000000000e+02 1.200000000000000000e+02 6.000000000000000000e+01 7.095791910266370040e-04 6.070686130075218898e+02 2.577786042494785193e+02 2.874097108840942383e+01
0.000000000000000000e+00 1.075890000000000000e+05 4.000000000000000000e+03 4.148890871626993430e+03 1.000000000000000000e+00 3.600000000000000000e+02 1.200000000000000000e+02 6.000000000000000000e+01 5.780645618126843601e-04 7.841403747374874911e+02 3.329683119904405544e+02 3.130288247267405310e+01
0.000000000000000000e+00 1.075900000000000000e+05 5.000000000000000000e+03 5.000000000000000000e+03 1.000000000000000000e+00 3.600000000000000000e+02 1.200000000000000000e+02 6.000000000000000000e+01 4.645978214353149748e-04 1.080000000000000000e+03 4.585987261146497076e+02 3.447722355524698656e+01
0.000000000000000000e+00 1.075910000000000000e+05 5.000000000000000000e+01 4.961465693201076022e+01 1.000000000000000000e+00 4.800000000000000000e+02 1.200000000000000000e+02 6.000000000000000000e+01 2.021702034434503159e-04 2.133430248076475522e+00 9.059151796503081000e-01 3.436844617128372192e+00
0.000000000000000000e+00 1.075920000000000000e+05 6.000000000000000000e+01 6.023687598214080197e+01 1.000000000000000000e+00 4.800000000000000000e+02 1.200000000000000000e+02 6.000000000000000000e+01 3.747051485780245397e-03 2.469711915267808422e+00 1.048709942788878413e+00 3.782879670461019028e+00
0.000000000000000000e+00 1.075930000000000000e+05 7.000000000000000000e+01 7.059692685229849474e+01 1.000000000000000000e+00 4.800000000000000000e+02 1.200000000000000000e+02 6.000000000000000000e+01 1.033788724265152434e-02 2.682683220387261258e+00 1.139143617998837010e+00 4.093592777848243713e+00
0.000000000000000000e+00 1.075940000000000000e+05 8.000000000000000000e+01 8.078959902380709934e+01 1.000000000000000000e+00 4.800000000000000000e+02 1.200000000000000000e+02 6.000000000000000000e+01 1.551910255245190877e-02 3.150794361928568321e+00 1.337916926508946114e+00 4.378618429104487397e+00
0.000000000000000000e+00 1.075950000000000000e+05 9.000000000000000000e+01 9.056033206977076588e+01 1.000000000000000000e+00 4.800000000000000000e+02 1.200000000000000000e+02 6.000000000000000000e+01 1.849518449930556349e-02 3.531852950721059869e+00 1.499725244467541296e+00 4.637359996636708281e+00
0.000000000000000000e+00 1.075960000000000000e+05 1.000000000000000000e+02 1.007168412331133140e+02 1.000000000000000000e+00 4.800000000000000000e+02 1.200000000000000000e+02 6.000000000000000000e+01 1.939095769123394541e-02 3.927956808091501273e+00 1.667922211503822139e+00 4.890079607566197417e+00
0.000000000000000000e+00 1.075970000000000000e+05 1.200000000000000000e+02 1.206390295932165770e+02 1.000000000000000000e+00 4.800000000000000000e+02 1.200000000000000000e+02 6.000000000000000000e+01 1.800822174229107370e-02 4.825561183728552805e+00 2.049070566339088462e+00 5.352800836165745757e+00
0.000000000000000000e+00 1.075980000000000000e+05 1.500000000000000000e+02 1.506350890394421924e+02 1.000000000000000000e+00 4.800000000000000000e+02 1.200000000000000000e+02 6.000000000000000000e+01 1.427280082799808718e-02 6.326673739656484940e+00 2.686485664397658013e+00 5.981955091158549287e+00
0.000000000000000000e+00 1.075990000000000000e+05 2.000000000000000000e+02 2.007022899228125823e+02 1.000000000000000000e+00 4.800000000000000000e+02 1.200000000000000000e+02 6.000000000000000000e+01 9.884313749655610631e-03 9.834412206217990615e+00 4.175971212831418811e+00 6.905333588520686128e+00
0.000000000000000000e+00 1.076000000000000000e+05 2.500000000000000000e+02 2.509306154602087986e+02 1.000000000000000000e+00 4.800000000000000000e+02 1.200000000000000000e+02 6.000000000000000000e+01 7.404013367748076870e-03 1.430304508123174401e+01 6.073479864641929460e+00 7.721061497926712036e+00
0.000000000000000000e+00 1.076010000000000000e+05 3.000000000000000000e+02 3.011889632072961831e+02 1.000000000000000000e+00 4.800000000000000000e+02 1.200000000000000000e+02 6.000000000000000000e+01 6.037931616406756220e-03 2.078203846130335819e+01 8.824644781869791288e+00 8.458829104900360107e+00
0.000000000000000000e+00 1.076020000000000000e+05 4.000000000000000000e+02 4.016224705992962072e+02 1.000000000000000000e+00 4.800000000000000000e+02 1.200000000000000000e+02 6.000000000000000000e+01 4.474483915480022972e-03 4.417847176592374581e+01 1.875943599402282302e+01 9.767784516016641660e+00
0.000000000000000000e+00 1.076030000000000000e+05 5.000000000000000000e+02 5.019420857785534054e+02 1.000000000000000000e+00 4.800000000000000000e+02 1.200000000000000000e+02 6.000000000000000000e+01 3.670630119633042435e-03 5.722139777875491973e+01 2.429783345170060471e+01 1.091995032628377338e+01
0.000000000000000000e+00 1.076040000000000000e+05 6.000000000000000000e+02 6.024771448801898259e+02 1.000000000000000000e+00 4.800000000000000000e+02 1.200000000000000000e+02 6.000000000000000000e+01 3.150504722539692291e-03 7.048982595098306092e+01 2.993198554181870819e+01 1.196339682737986188e+01
0.000000000000000000e+00 1.076050000000000000e+05 7.000000000000000000e+02 7.039663631641395796e+02 1.000000000000000000e+00 4.800000000000000000e+02 1.200000000000000000e+02 6.000000000000000000e+01 2.852782137536868500e-03 8.095613176387303156e+01 3.437627675748323952e+01 1.293003586928049664e+01
0.000000000000000000e+00 1.076060000000000000e+05 8.000000000000000000e+02 8.036902810006589561e+02 1.000000000000000000e+00 4.800000000000000000e+02 1.200000000000000000e+02 6.000000000000000000e+01 2.558191889298555392e-03 9.322807259607930064e+01 3.958729197285745016e+01 1.381686526536941528e+01
0.000000000000000000e+00 1.076070000000000000e+05 9.000000000000000000e+02 9.048954736528119156e+02 1.000000000000000000e+00 4.800000000000000000e+02 1.200000000000000000e+02 6.000000000000000000e+01 2.324643714740177135e-03 1.058727704173776374e+02 4.495659041077606588e+01 1.465992995103200336e+01
0.000000000000000000e+00 1.076080000000000000e+05 1.000000000000000000e+03 1.006703855507669573e+03 1.000000000000000000e+00 4.800000000000000000e+02 1.200000000000000000e+02 6.000000000000000000e+01 2.133449801052088746e-03 1.177843510943986303e+02 5.001458645197394048e+01 1.546087102095285992e+01
0.000000000000000000e+00 1.076090000000000000e+05 1.200000000000000000e+03 1.205017071407960657e+03 1.000000000000000000e+00 4.800000000000000000e+02 1.200000000000000000e+02 6.000000000000000000e+01 1.824281641795764183e-03 1.446020485689541601e+02 6.140214376601026203e+01 1.691915792226791382e+01
0.000000000000000000e+00 1.076100000000000000e+05 1.500000000000000000e+03 1.514251777843695663e+03 1.000000000000000000e+00 4.800000000000000000e+02 1.200000000000000000e+02 6.000000000000000000e+01 1.532955627059334920e-03 1.832244651190873128e+02 7.780232064504768630e+01 1.895713988939921180e+01
0.000000000000000000e+00 1.076110000000000000e+05 1.800000000000000000e+03 1.821442344265439942e+03 1.000000000000000000e+00 4.800000000000000000e+02 1.200000000000000000e+02 6.000000000000000000e+01 1.299107175924290843e-03 2.258588506889085465e+02 9.590609371078919310e+01 2.078680098056793213e+01
0.000000000000000000e+00 1.076120000000000000e+05 2.000000000000000000e+03 2.017279345487141882e+03 1.000000000000000000e+00 4.800000000000000000e+02 1.200000000000000000e+02 6.000000000000000000e+01 1.180872607470159156e-03 2.561944768768703398e+02 1.087874636419831660e+02 2.188217063744862756e+01
0.000000000000000000e+00 1.076130000000000000e+05 2.500000000000000000e+03 2.526180541119771533e+03 1.000000000000000000e+00 4.800000000000000000e+02 1.200000000000000000e+02 6.000000000000000000e+01 9.447101970990328139e-04 3.435605535923004936e+02 1.458855853895118742e+02 2.448319673538208008e+01
0.000000000000000000e+00 1.076140000000000000e+05 3.000000000000000000e+03 3.128235016361009457e+03 1.000000000000000000e+00 4.800000000000000000e+02 1.200000000000000000e+02 6.000000000000000000e+01 7.692816396599220586e-04 4.535940773723496022e+02 1.926089500519531157e+02 2.716837676366170129e+01
0.000000000000000000e+00 1.076150000000000000e+05 3.500000000000000000e+03 3.500000000000000000e+03 1.000000000000000000e+00 4.800000000000000000e+02 1.200000000000000000e+02 6.000000000000000000e+01 7.047932114185727522e-04 5.180000000000000000e+02 2.199575371549893816e+02 2.884571397304534912e+01
0.000000000000000000e+00 1.076160000000000000e+05 4.000000000000000000e+03 4.000000000000000000e+03 1.000000000000000000e+00 4.800000000000000000e+02 1.200000000000000000e+02 6.000000000000000000e+01 6.109124956698939318e-04 6.280000000000000000e+02 2.666666666666666856e+02 3.083736582597096643e+01
0.000000000000000000e+00 1.076170000000000000e+05 5.000000000000000000e+03 5.000000000000000000e+03 1.000000000000000000e+00 4.800000000000000000e+02 1.200000000000000000e+02 6.000000000000000000e+01 5.012930800370015349e-04 8.550000000000000000e+02 3.630573248407643518e+02 3.447722355524698656e+01
0.000000000000000000e+00 1.076180000000000000e+05 6.000000000000000000e+03 6.000000000000000000e+03 1.000000000000000000e+00 4.800000000000000000e+02 1.200000000000000000e+02 6.000000000000000000e+01 4.168270451764099073e-04 1.092000000000000000e+03 4.636942675159235705e+02 3.776790722211202223e+01
0.000000000000000000e+00 1.076190000000000000e+05 8.000000000000000000e+03 8.000000000000000000e+03 1.000000000000000000e+00 4.800000000000000000e+02 1.200000000000000000e+02 6.000000000000000000e+01 3.221137610041064215e-04 1.600000000000000000e+03 6.794055201698513429e+02 4.361062002182006836e+01
0.000000000000000000e+00 1.076200000000000000e+05 1.000000000000000000e+04 1.000000000000000000e+04 1.000000000000000000e+00 4.800000000000000000e+02 1.200000000000000000e+02 6.000000000000000000e+01 2.634274273821199256e-04 2.210000000000000000e+03 9.384288747346072341e+02 4.875815733273824293e+01
0.000000000000000000e+00 1.076210000000000000e+05 8.000000000000000000e+01 1.192512499103360568e+02 1.000000000000000000e+00 6.000000000000000000e+02 1.200000000000000000e+02 6.000000000000000000e+01 3.963236710219207202e-04 2.862029997848026142e+00 1.215299362143535511e+00 5.160224835077921846e+00
0.000000000000000000e+00 1.076220000000000000e+05 9.000000000000000000e+01 8.993805199641907677e+01 1.000000000000000000e+00 6.000000000000000000e+02 1.200000000000000000e+02 6.000000000000000000e+01 1.291626124142629482e-03 3.417645975863948138e+00 1.451229713742653082e+00 4.624303479989369414e+00
0.000000000000000000e+00 1.076230000000000000e+05 1.000000000000000000e+02 1.006637032054343592e+02 1.000000000000000000e+00 6.000000000000000000e+02 1.200000000000000000e+02 6.000000000000000000e+01 2.732745859735978122e-03 3.422565908984765315e+00 1.453318857318371737e+00 4.889023890097935698e+00
0.000000000000000000e+00 1.076240000000000000e+05 1.200000000000000000e+02 1.205417370830167130e+02 1.000000000000000000e+00 6.000000000000000000e+02 1.200000000000000000e+02 6.000000000000000000e+01 5.039079707854039400e-03 3.977877323739534177e+00 1.689119882691946684e+00 5.351034690936406157e+00
0.000000000000000000e+00 1.076250000000000000e+05 1.500000000000000000e+02 1.503895096313115403e+02 1.000000000000000000e+00 6.000000000000000000e+02 1.200000000000000000e+02 6.000000000000000000e+01 6.206207711525847832e-03 4.962853817833234871e+00 2.107368924769950969e+00 5.977964818477630615e+00
0.000000000000000000e+00 1.076260000000000000e+05 2.000000000000000000e+02 2.003717472108048412e+02 1.000000000000000000e+00 6.000000000000000000e+02 1.200000000000000000e+02 6.000000000000000000e+01 5.849502220685822394e-03 7.614126394010753529e+00 3.233174689601169050e+00 6.900681406259536743e+00
0.000000000000000000e+00 1.076270000000000000e+05 2.500000000000000000e+02 2.503713585940633379e+02 1.000000000000000000e+00 6.000000000000000000e+02 1.200000000000000000e+02 6.000000000000000000e+01 5.031648215175738882e-03 1.176745385392109711e+01 4.996795691686241270e+00 7.714021007219950654e+00
0.000000000000000000e+00 1.076280000000000000e+05 3.000000000000000000e+02 3.006669601473806210e+02 1.000000000000000000e+00 6.000000000000000000e+02 1.200000000000000000e+02 6.000000000000000000e+01 4.490817717375507334e-03 1.683734976825257945e+01 7.149617735988356593e+00 8.452830990155538515e+00
0.000000000000000000e+00 1.076290000000000000e+05 4.000000000000000000e+02 4.011754119197699993e+02 1.000000000000000000e+00 6.000000000000000000e+02 1.200000000000000000e+02 6.000000000000000000e+01 3.671543118260462823e-03 4.011754119197803448e+01 1.703504933841954738e+01 9.763336261113485293e+00
0.000000000000000000e+00 1.076300000000000000e+05 5.000000000000000000e+02 5.010569530003448904e+02 1.000000000000000000e+00 6.000000000000000000e+02 1.200000000000000000e+02 6.000000000000000000e+01 3.104679172385590991e-03 5.361309397103829610e+01 2.276564499831774668e+01 1.091207142670949359e+01
0.000000000000000000e+00 1.076310000000000000e+05 6.000000000000000000e+02 6.016509569486273676e+02 1.000000000000000000e+00 6.000000000000000000e+02 1.200000000000000000e+02 6.000000000000000000e+01 2.763099908895794328e-03 6.497830335045068750e+01 2.759163624222959044e+01 1.195668534437815289e+01
0.000000000000000000e+00 1.076320000000000000e+05 7.000000000000000000e+02 7.020945644320497649e+02 1.000000000000000000e+00 6.000000000000000000e+02 1.200000000000000000e+02 6.000000000000000000e+01 2.562305497594994253e-03 7.512411839423032234e+01 3.189983795933347110e+01 1.291596277554829975e+01
0.000000000000000000e+00 1.076330000000000000e+05 8.000000000000000000e+02 8.018903031531779106e+02 1.000000000000000000e+00 6.000000000000000000e+02 1.200000000000000000e+02 6.000000000000000000e+01 2.325689056433245371e-03 8.580226243739093661e+01 3.643408171439105558e+01 1.380420194069544415e+01
0.000000000000000000e+00 1.076340000000000000e+05 9.000000000000000000e+02 9.017531082591387985e+02 1.000000000000000000e+00 6.000000000000000000e+02 1.200000000000000000e+02 6.000000000000000000e+01 2.156185500968028045e-03 9.648758258372686214e+01 4.097137264701777326e+01 1.463908803462982178e+01
0.000000000000000000e+00 1.076350000000000000e+05 1.000000000000000000e+03 1.003801866446690610e+03 1.000000000000000000e+00 6.000000000000000000e+02 1.200000000000000000e+02 6.000000000000000000e+01 1.975716305109904113e-03 1.084106015762413335e+02 4.603422572239546895e+01 1.544262331724166870e+01
0.000000000000000000e+00 1.076360000000000000e+05 1.200000000000000000e+03 1.204011269337675230e+03 1.000000000000000000e+00 6.000000000000000000e+02 1.200000000000000000e+02 6.000000000000000000e+01 1.771780277232722599e-03 1.264211832804568303e+02 5.368203111696680452e+01 1.691338066260020057e+01
0.000000000000000000e+00 1.076370000000000000e+05 1.500000000000000000e+03 1.506137253233651791e+03 1.000000000000000000e+00 6.000000000000000000e+02 1.200000000000000000e+02 6.000000000000000000e+01 1.488897051230007526e-03 1.611566860960001577e+02 6.843171384118902267e+01 1.891550580660502234e+01
0.000000000000000000e+00 1.076380000000000000e+05 1.800000000000000000e+03 1.808963653289096328e+03 1.000000000000000000e+00 6.000000000000000000e+02 1.200000000000000000e+02 6.000000000000000000e+01 1.288110024328037928e-03 2.007949655150882791e+02 8.526325499579120049e+01 2.072839434941609582e+01
0.000000000000000000e+00 1.076390000000000000e+05 2.000000000000000000e+03 2.014761494853711838e+03 1.000000000000000000e+00 6.000000000000000000e+02 1.200000000000000000e+02 6.000000000000000000e+01 1.154873020576186208e-03 2.337123334030293336e+02 9.924090590362179398e+01 2.187098884582519531e+01
0.000000000000000000e+00 1.076400000000000000e+05 2.500000000000000000e+03 2.513025488990921986e+03 1.000000000000000000e+00 6.000000000000000000e+02 1.200000000000000000e+02 6.000000000000000000e+01 9.578240664339108049e-04 2.915109567229483218e+02 1.237838457422285927e+02 2.443093856175740441e+01
0.000000000000000000e+00 1.076410000000000000e+05 3.000000000000000000e+03 2.176529881508331982e+03 1.000000000000000000e+00 6.000000000000000000e+02 1.200000000000000000e+02 6.000000000000000000e+01 nan -1.000000000000000000e+00 -4.246284501061571293e-01 2.351114904880523682e+01
0.000000000000000000e+00 1.076420000000000000e+05 3.500000000000000000e+03 3.510154642335039171e+03 1.000000000000000000e+00 6.000000000000000000e+02 1.200000000000000000e+02 6.000000000000000000e+01 7.139430144204220825e-04 4.457896395765462785e+02 1.892949637267712433e+02 2.887990077336629113e+01
0.000000000000000000e+00 1.076430000000000000e+05 4.000000000000000000e+03 4.931710048011072104e+03 1.000000000000000000e+00 6.000000000000000000e+02 1.200000000000000000e+02 6.000000000000000000e+01 4.245031609521175307e-04 8.827760985939967213e+02 3.748518465367289991e+02 3.364159520467122633e+01
0.000000000000000000e+00 1.076440000000000000e+05 5.000000000000000000e+03 3.756841847565667194e+03 1.000000000000000000e+00 6.000000000000000000e+02 1.200000000000000000e+02 6.000000000000000000e+01 nan -1.000000000000000000e+00 -4.246284501061571293e-01 3.076608761151631555e+01
0.000000000000000000e+00 1.076450000000000000e+05 6.000000000000000000e+03 6.000000000000000000e+03 1.000000000000000000e+00 6.000000000000000000e+02 1.200000000000000000e+02 6.000000000000000000e+01 4.419253560996180765e-04 8.820000000000000000e+02 3.745222929936305718e+02 3.776790722211202223e+01
0.000000000000000000e+00 1.076460000000000000e+05 8.000000000000000000e+03 8.000000000000000000e+03 1.000000000000000000e+00 6.000000000000000000e+02 1.200000000000000000e+02 6.000000000000000000e+01 3.398715098633222969e-04 1.312000000000000000e+03 5.571125265392781785e+02 4.361062002182006836e+01
0.000000000000000000e+00 1.076470000000000000e+05 1.000000000000000000e+04 1.000000000000000000e+04 1.000000000000000000e+00 6.000000000000000000e+02 1.200000000000000000e+02 6.000000000000000000e+01 2.741883544822746135e-04 1.830000000000000000e+03 7.770700636942675601e+02 4.875815733273824293e+01
0.000000000000000000e+00 1.083310000000000000e+05 1.000000000000000000e+01 1.000129331356229656e+01 1.000000000000000000e+00 1.800000000000000000e+02 1.200000000000000000e+02 3.000000000000000000e+01 3.489552508889006560e-02 3.300426793475690346e-01 1.401455114002416180e-01 1.541949758927027458e+00
0.000000000000000000e+00 1.083320000000000000e+05 1.200000000000000000e+01 1.200211289074104393e+01 1.000000000000000000e+00 1.800000000000000000e+02 1.200000000000000000e+02 3.000000000000000000e+01 9.254730794228126223e-02 4.200739511759365996e-01 1.783753508178074765e-01 1.689153701066970825e+00
0.000000000000000000e+00 1.083330000000000000e+05 1.500000000000000000e+01 1.503279877072686688e+01 1.000000000000000000e+00 1.800000000000000000e+02 1.200000000000000000e+02 3.000000000000000000e+01 1.599959213163002492e-01 5.862791520583376936e-01 2.489508076680839455e-01 1.890082163115342384e+00
0.000000000000000000e+00 1.083340000000000000e+05 2.000000000000000000e+01 2.003590429631614356e+01 1.000000000000000000e+00 1.800000000000000000e+02 1.200000000000000000e+02 3.000000000000000000e+01 2.773513589264565704e-01 9.016156933342234225e-01 3.828516744518995485e-01 2.182130500674247742e+00
0.000000000000000000e+00 1.083350000000000000e+05 2.000000000000000000e+01 2.027061558695812238e+01 1.000000000000000000e+00 3.000000000000000000e+02 1.200000000000000000e+02 3.000000000000000000e+01 2.361168201617185427e-04 6.486596987826374061e-01 2.754393625403980250e-01 2.192555785179138184e+00
0.000000000000000000e+00 1.083360000000000000e+05 2.500000000000000000e+01 2.503185231016998458e+01 1.000000000000000000e+00 1.800000000000000000e+02 1.200000000000000000e+02 6.000000000000000000e+01 3.491718189858670773e-01 1.251592615508467787e+00 5.314618324876720923e-01 2.439177041252454270e+00
0.000000000000000000e+00 1.083370000000000000e+05 3.000000000000000000e+01 3.005922005652033135e+01 1.000000000000000000e+00 1.800000000000000000e+02 1.200000000000000000e+02 6.000000000000000000e+01 3.806026538611119170e-01 1.623197883052089452e+00 6.892560012960040616e-01 2.672748098770777236e+00
0.000000000000000000e+00 1.083380000000000000e+05 4.000000000000000000e+01 4.010859916587065044e+01 1.000000000000000000e+00 1.800000000000000000e+02 1.200000000000000000e+02 6.000000000000000000e+01 3.580472227403509455e-01 2.446624549118006087e+00 1.038906390283654391e+00 3.087156568964322556e+00
0.000000000000000000e+00 1.083390000000000000e+05 5.000000000000000000e+01 5.023987806192464944e+01 1.000000000000000000e+00 1.800000000000000000e+02 1.200000000000000000e+02 6.000000000000000000e+01 3.056962696499756493e-01 3.366071830148847255e+00 1.429329864182100840e+00 3.454475934306780349e+00
0.000000000000000000e+00 1.083400000000000000e+05 2.500000000000000000e+01 2.488976379368773095e+01 1.000000000000000000e+00 3.000000000000000000e+02 1.200000000000000000e+02 6.000000000000000000e+01 1.550067527031271340e-02 9.209212603664482799e-01 3.910493674592137037e-01 2.433510144551595200e+00
0.000000000000000000e+00 1.083410000000000000e+05 3.000000000000000000e+01 2.997674795970051775e+01 1.000000000000000000e+00 3.000000000000000000e+02 1.200000000000000000e+02 6.000000000000000000e+01 4.730880539020308057e-02 1.079162926549230406e+00 4.582432809126243956e-01 2.669748206933339585e+00
0.000000000000000000e+00 1.083420000000000000e+05 4.000000000000000000e+01 4.002114522230023397e+01 1.000000000000000000e+00 3.000000000000000000e+02 1.200000000000000000e+02 6.000000000000000000e+01 1.042040133504422983e-01 1.640866954114347465e+00 6.967587915559861900e-01 3.084402784705162048e+00
0.000000000000000000e+00 1.083430000000000000e+05 5.000000000000000000e+01 5.002336610754786506e+01 1.000000000000000000e+00 3.000000000000000000e+02 1.200000000000000000e+02 6.000000000000000000e+01 1.299772479919729384e-01 2.351098207054807432e+00 9.983431877090477302e-01 3.448380738496780396e+00
0.000000000000000000e+00 1.083440000000000000e+05 5.000000000000000000e+01 5.005365987151525076e+01 1.000000000000000000e+00 4.200000000000000000e+02 1.200000000000000000e+02 6.000000000000000000e+01 1.055232171967741134e-02 1.902039075117599509e+00 8.076599045085348649e-01 3.449234495560328018e+00
0.000000000000000000e+00 1.083450000000000000e+05 6.000000000000000000e+01 6.024849843894177326e+01 1.000000000000000000e+00 1.800000000000000000e+02 1.200000000000000000e+02 9.000000000000000000e+01 2.484796980684063072e-01 4.337891887603774421e+00 1.841992308961263092e+00 3.783178364237149705e+00
0.000000000000000000e+00 1.083460000000000000e+05 7.000000000000000000e+01 7.034742668412320654e+01 1.000000000000000000e+00 1.800000000000000000e+02 1.200000000000000000e+02 9.000000000000000000e+01 1.931767715754907910e-01 5.416751854677443134e+00 2.300106944661334474e+00 4.087667008241017363e+00
0.000000000000000000e+00 1.083470000000000000e+05 8.000000000000000000e+01 8.045274377448859582e+01 1.000000000000000000e+00 1.800000000000000000e+02 1.200000000000000000e+02 9.000000000000000000e+01 1.476971792474092993e-01 6.436219501958930778e+00 2.733001911659843408e+00 4.371137628952662446e+00
0.000000000000000000e+00 1.083480000000000000e+05 9.000000000000000000e+01 9.047356014826831938e+01 1.000000000000000000e+00 1.800000000000000000e+02 1.200000000000000000e+02 9.000000000000000000e+01 1.125135297289630854e-01 7.509305492306282304e+00 3.188664752571669592e+00 4.635541747013728120e+00
0.000000000000000000e+00 1.083490000000000000e+05 6.000000000000000000e+01 6.007395074547167724e+01 1.000000000000000000e+00 3.000000000000000000e+02 1.200000000000000000e+02 9.000000000000000000e+01 1.309794107679711495e-01 3.063771488019103373e+00 1.300964538436986562e+00 3.778692642847696792e+00
0.000000000000000000e+00 1.083500000000000000e+05 7.000000000000000000e+01 7.010279933865233204e+01 1.000000000000000000e+00 3.000000000000000000e+02 1.200000000000000000e+02 9.000000000000000000e+01 1.189068883593670106e-01 3.785551164287042525e+00 1.607452723688765461e+00 4.081848050157229402e+00
0.000000000000000000e+00 1.083510000000000000e+05 8.000000000000000000e+01 8.016945109908864708e+01 1.000000000000000000e+00 3.000000000000000000e+02 1.200000000000000000e+02 9.000000000000000000e+01 1.017622173019803178e-01 4.569658712648042354e+00 1.940407096665835329e+00 4.364835937817891143e+00
0.000000000000000000e+00 1.083520000000000000e+05 9.000000000000000000e+01 9.020995804533977491e+01 1.000000000000000000e+00 3.000000000000000000e+02 1.200000000000000000e+02 9.000000000000000000e+01 8.448829806360091954e-02 5.322387524675200154e+00 2.260037165467176479e+00 4.630013346672058105e+00
0.000000000000000000e+00 1.083530000000000000e+05 6.000000000000000000e+01 6.006535136862754598e+01 1.000000000000000000e+00 4.200000000000000000e+02 1.200000000000000000e+02 9.000000000000000000e+01 2.493933362537958942e-02 2.342548703376500896e+00 9.947128252129515680e-01 3.778471469879150391e+00
0.000000000000000000e+00 1.083540000000000000e+05 7.000000000000000000e+01 7.000816935765453763e+01 1.000000000000000000e+00 4.200000000000000000e+02 1.200000000000000000e+02 9.000000000000000000e+01 3.443040864139687574e-02 2.800326774306256539e+00 1.189098417964440157e+00 4.079594597220420837e+00
0.000000000000000000e+00 1.083550000000000000e+05 8.000000000000000000e+01 8.015312161495296550e+01 1.000000000000000000e+00 4.200000000000000000e+02 1.200000000000000000e+02 9.000000000000000000e+01 3.761739644643291580e-02 3.446584229443089953e+00 1.463517719508742987e+00 4.364472409089406035e+00
0.000000000000000000e+00 1.083560000000000000e+05 9.000000000000000000e+01 9.000319236077169194e+01 1.000000000000000000e+00 4.200000000000000000e+02 1.200000000000000000e+02 9.000000000000000000e+01 3.735559200022227355e-02 3.960140463873813133e+00 1.681588307377415381e+00 4.625671913226445220e+00
0.000000000000000000e+00 1.083570000000000000e+05 7.000000000000000000e+01 6.991616292155424617e+01 1.000000000000000000e+00 5.400000000000000000e+02 1.200000000000000000e+02 9.000000000000000000e+01 9.264709396093093966e-04 2.726730353940489238e+00 1.157847284051163106e+00 4.077402696013450623e+00
0.000000000000000000e+00 1.083580000000000000e+05 8.000000000000000000e+01 7.990004660426278349e+01 1.000000000000000000e+00 5.400000000000000000e+02 1.200000000000000000e+02 9.000000000000000000e+01 3.660379845230705802e-03 2.876401677753563035e+00 1.221401986307245391e+00 4.358834524949391387e+00
0.000000000000000000e+00 1.083590000000000000e+05 9.000000000000000000e+01 8.993260991736053711e+01 1.000000000000000000e+00 5.400000000000000000e+02 1.200000000000000000e+02 9.000000000000000000e+01 6.704556002518145819e-03 3.237573957025034588e+00 1.374766011475598626e+00 4.624189148346583345e+00
0.000000000000000000e+00 1.083600000000000000e+05 1.000000000000000000e+02 1.002904985337012107e+02 1.000000000000000000e+00 1.800000000000000000e+02 1.200000000000000000e+02 1.200000000000000000e+02 8.696155051009615833e-02 8.624982873898417779e+00 3.662413109935633848e+00 4.881601353486378692e+00
0.000000000000000000e+00 1.083610000000000000e+05 1.250000000000000000e+02 1.253875536972585536e+02 1.000000000000000000e+00 1.800000000000000000e+02 1.200000000000000000e+02 1.200000000000000000e+02 4.774177006908790488e-02 1.166104249384505209e+01 4.951610400783462040e+00 5.458231180906295776e+00
0.000000000000000000e+00 1.083620000000000000e+05 1.500000000000000000e+02 1.507040498222401652e+02 1.000000000000000000e+00 1.800000000000000000e+02 1.200000000000000000e+02 1.200000000000000000e+02 2.899161148147526637e-02 1.491970093240156814e+01 6.335329482973064863e+00 5.983074973026911714e+00
0.000000000000000000e+00 1.083630000000000000e+05 1.000000000000000000e+02 1.002615840195022798e+02 1.000000000000000000e+00 3.000000000000000000e+02 1.200000000000000000e+02 1.200000000000000000e+02 6.974238458977169430e-02 5.915433457150449215e+00 2.511861340615901828e+00 4.881025781234105132e+00
0.000000000000000000e+00 1.083640000000000000e+05 1.250000000000000000e+02 1.252121068198512148e+02 1.000000000000000000e+00 3.000000000000000000e+02 1.200000000000000000e+02 1.200000000000000000e+02 4.283131575619443521e-02 7.763150622830814029e+00 3.296454616913296665e+00 5.455107351144154570e+00
0.000000000000000000e+00 1.083650000000000000e+05 1.500000000000000000e+02 1.502768411263677137e+02 1.000000000000000000e+00 3.000000000000000000e+02 1.200000000000000000e+02 1.200000000000000000e+02 2.808227811664300300e-02 9.767994673214062118e+00 4.147768438732085450e+00 5.976133515437443755e+00
0.000000000000000000e+00 1.083660000000000000e+05 1.000000000000000000e+02 1.000253756022283937e+02 1.000000000000000000e+00 4.200000000000000000e+02 1.200000000000000000e+02 1.200000000000000000e+02 3.484304854336229412e-02 4.601167277702529645e+00 1.953786529809991457e+00 4.876321474711100556e+00
0.000000000000000000e+00 1.083670000000000000e+05 1.250000000000000000e+02 1.251508397446558263e+02 1.000000000000000000e+00 4.200000000000000000e+02 1.200000000000000000e+02 1.200000000000000000e+02 2.667125900183310930e-02 5.882089467998817156e+00 2.497702534182087764e+00 5.454015493392944336e+00
0.000000000000000000e+00 1.083680000000000000e+05 1.500000000000000000e+02 1.500384486893404983e+02 1.000000000000000000e+00 4.200000000000000000e+02 1.200000000000000000e+02 1.200000000000000000e+02 1.986998251241852559e-02 7.351883985777845965e+00 3.121819102241123467e+00 5.972255945205688477e+00
0.000000000000000000e+00 1.083690000000000000e+05 1.000000000000000000e+02 9.990262686879256648e+01 1.000000000000000000e+00 5.400000000000000000e+02 1.200000000000000000e+02 1.200000000000000000e+02 8.970988836268080011e-03 3.496591940407647314e+00 1.484752416308979805e+00 4.873874843120574951e+00
0.000000000000000000e+00 1.083700000000000000e+05 1.250000000000000000e+02 1.250624377427753586e+02 1.000000000000000000e+00 5.400000000000000000e+02 1.200000000000000000e+02 1.200000000000000000e+02 1.088096937413577346e-02 4.502247758739969186e+00 1.911782487787672791e+00 5.452440857887268066e+00
0.000000000000000000e+00 1.083710000000000000e+05 1.500000000000000000e+02 1.497498396707350423e+02 1.000000000000000000e+00 5.400000000000000000e+02 1.200000000000000000e+02 1.200000000000000000e+02 1.020854738647872587e-02 5.690493907487848446e+00 2.416345608275094925e+00 5.967558135588963530e+00
0.000000000000000000e+00 1.083720000000000000e+05 2.000000000000000000e+02 2.007907110967254596e+02 1.000000000000000000e+00 1.800000000000000000e+02 1.200000000000000000e+02 1.500000000000000000e+02 1.474953076611283838e-02 2.289014106502716572e+01 9.719805123153786752e+00 6.906577895085017182e+00
0.000000000000000000e+00 1.083730000000000000e+05 2.500000000000000000e+02 2.507848055252117945e+02 1.000000000000000000e+00 1.800000000000000000e+02 1.200000000000000000e+02 1.500000000000000000e+02 9.890412074207504192e-03 3.536065757905518581e+01 1.501514122252874195e+01 7.719226936499278047e+00
0.000000000000000000e+00 1.083740000000000000e+05 3.000000000000000000e+02 3.012414553059041395e+02 1.000000000000000000e+00 1.800000000000000000e+02 1.200000000000000000e+02 1.500000000000000000e+02 7.749608943762999018e-03 4.699366702772022109e+01 1.995484799478565563e+01 8.459431727727254824e+00
0.000000000000000000e+00 1.083750000000000000e+05 2.000000000000000000e+02 2.003772639769907471e+02 1.000000000000000000e+00 3.000000000000000000e+02 1.200000000000000000e+02 1.500000000000000000e+02 1.492894089742165600e-02 1.502829479827418879e+01 6.381441527929592183e+00 6.900758932034174897e+00
0.000000000000000000e+00 1.083760000000000000e+05 2.500000000000000000e+02 2.506775282204448274e+02 1.000000000000000000e+00 3.000000000000000000e+02 1.200000000000000000e+02 1.500000000000000000e+02 9.867721466236257372e-03 2.205962248339960752e+01 9.367143305052911373e+00 7.717876434326171875e+00
0.000000000000000000e+00 1.083770000000000000e+05 3.000000000000000000e+02 3.009250471120322459e+02 1.000000000000000000e+00 3.000000000000000000e+02 1.200000000000000000e+02 1.500000000000000000e+02 7.478616134889369202e-03 3.249990508809935363e+01 1.380038432615683774e+01 8.455797155698141054e+00
0.000000000000000000e+00 1.083780000000000000e+05 2.000000000000000000e+02 2.001516308404581537e+02 1.000000000000000000e+00 4.200000000000000000e+02 1.200000000000000000e+02 1.500000000000000000e+02 1.222348440321593087e-02 1.100833969622485142e+01 4.674454223450043244e+00 6.897581040859222412e+00
0.000000000000000000e+00 1.083790000000000000e+05 2.500000000000000000e+02 2.505298380354448682e+02 1.000000000000000000e+00 4.200000000000000000e+02 1.200000000000000000e+02 1.500000000000000000e+02 8.641252530525748640e-03 1.628443947230408639e+01 6.914836293972011383e+00 7.716016481320063569e+00
0.000000000000000000e+00 1.083800000000000000e+05 3.000000000000000000e+02 3.006600410219336936e+02 1.000000000000000000e+00 4.200000000000000000e+02 1.200000000000000000e+02 1.500000000000000000e+02 6.772213516724128780e-03 2.405280328175422255e+01 1.021350457823958457e+01 8.452751507361730532e+00
0.000000000000000000e+00 1.083810000000000000e+05 2.000000000000000000e+02 2.000014557589491631e+02 1.000000000000000000e+00 5.400000000000000000e+02 1.200000000000000000e+02 1.500000000000000000e+02 8.006017741631392404e-03 8.800064053393839458e+00 3.736757559827532660e+00 6.895465046167373657e+00
0.000000000000000000e+00 1.083820000000000000e+05 2.500000000000000000e+02 2.501299241503082555e+02 1.000000000000000000e+00 5.400000000000000000e+02 1.200000000000000000e+02 1.500000000000000000e+02 6.436275734954996150e-03 1.275662613166605297e+01 5.416826382873058954e+00 7.710979262987772920e+00
0.000000000000000000e+00 1.083830000000000000e+05 3.000000000000000000e+02 3.005202059982757419e+02 1.000000000000000000e+00 5.400000000000000000e+02 1.200000000000000000e+02 1.500000000000000000e+02 5.409872757187714036e-03 1.863225277189349072e+01 7.911784616515282309e+00 8.451143672068914370e+00
0.000000000000000000e+00 1.083840000000000000e+05 4.000000000000000000e+02 4.016584443810875200e+02 1.000000000000000000e+00 1.800000000000000000e+02 1.200000000000000000e+02 1.800000000000000000e+02 5.821232235416853515e-03 6.506866798973794630e+01 2.763000763895454170e+01 9.768142183621725039e+00
0.000000000000000000e+00 1.083850000000000000e+05 5.000000000000000000e+02 5.025028664641830574e+02 1.000000000000000000e+00 1.800000000000000000e+02 1.200000000000000000e+02 1.800000000000000000e+02 4.586701994020651700e-03 8.341547583305214175e+01 3.542058421785653621e+01 1.092493802309036255e+01
0.000000000000000000e+00 1.083860000000000000e+05 6.000000000000000000e+02 6.037249823986425099e+02 1.000000000000000000e+00 1.800000000000000000e+02 1.200000000000000000e+02 1.800000000000000000e+02 3.819398668232788438e-03 1.020295220253735238e+02 4.332463780270637699e+01 1.197352719306945801e+01
0.000000000000000000e+00 1.083870000000000000e+05 7.000000000000000000e+02 7.050926198695017320e+02 1.000000000000000000e+00 1.800000000000000000e+02 1.200000000000000000e+02 1.800000000000000000e+02 3.277308413525314296e-03 1.233912084771631612e+02 5.239541761238351114e+01 1.293849585453669171e+01
0.000000000000000000e+00 1.083880000000000000e+05 8.000000000000000000e+02 8.038818509651420072e+02 1.000000000000000000e+00 1.800000000000000000e+02 1.200000000000000000e+02 1.800000000000000000e+02 2.866186788950979367e-03 1.455026150246878842e+02 6.178454990432606309e+01 1.381821250915527344e+01
0.000000000000000000e+00 1.083890000000000000e+05 9.000000000000000000e+02 9.072002260787778596e+02 1.000000000000000000e+00 1.800000000000000000e+02 1.200000000000000000e+02 1.800000000000000000e+02 2.574029728981867306e-03 1.687392420506514554e+02 7.165148282405581881e+01 1.467519646883010864e+01
0.000000000000000000e+00 1.083900000000000000e+05 1.000000000000000000e+03 1.007320139298977779e+03 1.000000000000000000e+00 1.800000000000000000e+02 1.200000000000000000e+02 1.800000000000000000e+02 2.300171342688874399e-03 1.923981466061084689e+02 8.169772679664903592e+01 1.546474333604176898e+01
0.000000000000000000e+00 1.083910000000000000e+05 1.500000000000000000e+03 1.516523695556484427e+03 1.000000000000000000e+00 1.800000000000000000e+02 1.200000000000000000e+02 1.800000000000000000e+02 1.545477999295845686e-03 3.230195471535195111e+02 1.371632896617917368e+02 1.896877900759379187e+01
0.000000000000000000e+00 1.083920000000000000e+05 1.800000000000000000e+03 1.817745990144665939e+03 1.000000000000000000e+00 1.800000000000000000e+02 1.200000000000000000e+02 1.800000000000000000e+02 1.289103240754574256e-03 4.198993237234160461e+02 1.783011990332976779e+02 2.076951766014099121e+01
0.000000000000000000e+00 1.083930000000000000e+05 2.000000000000000000e+03 2.028230073061875601e+03 1.000000000000000000e+00 1.800000000000000000e+02 1.200000000000000000e+02 1.800000000000000000e+02 1.168628094413150156e-03 4.847469874617886489e+02 2.058373619795280831e+02 2.193073594570159912e+01
0.000000000000000000e+00 1.083940000000000000e+05 2.500000000000000000e+03 2.539063053981978555e+03 1.000000000000000000e+00 1.800000000000000000e+02 1.200000000000000000e+02 1.800000000000000000e+02 9.411210381853666023e-04 6.677735831972897813e+02 2.835556616549001205e+02 2.453426090876261512e+01
0.000000000000000000e+00 1.083950000000000000e+05 4.000000000000000000e+02 4.011720382747146800e+02 1.000000000000000000e+00 3.000000000000000000e+02 1.200000000000000000e+02 1.800000000000000000e+02 5.427386614302168351e-03 5.335588109053813355e+01 2.265642509152362294e+01 9.763303021589914366e+00
0.000000000000000000e+00 1.083960000000000000e+05 5.000000000000000000e+02 5.027508456219311483e+02 1.000000000000000000e+00 3.000000000000000000e+02 1.200000000000000000e+02 1.800000000000000000e+02 4.411322034024925745e-03 6.787136415896085850e+01 2.882011216941013032e+01 1.092714389165242572e+01
0.000000000000000000e+00 1.083970000000000000e+05 6.000000000000000000e+02 6.031506859811954655e+02 1.000000000000000000e+00 3.000000000000000000e+02 1.200000000000000000e+02 1.800000000000000000e+02 3.684650753904170246e-03 8.323479466540243266e+01 3.534386185367407052e+01 1.196886529525121112e+01
0.000000000000000000e+00 1.083980000000000000e+05 7.000000000000000000e+02 7.046787976775149218e+02 1.000000000000000000e+00 3.000000000000000000e+02 1.200000000000000000e+02 1.800000000000000000e+02 3.219691973704384268e-03 9.795035287717280426e+01 4.159250652958505867e+01 1.293538834651311298e+01
0.000000000000000000e+00 1.083990000000000000e+05 8.000000000000000000e+02 8.035124394730561335e+02 1.000000000000000000e+00 3.000000000000000000e+02 1.200000000000000000e+02 1.800000000000000000e+02 2.856013335489089762e-03 1.132952539657044895e+02 4.810838809584054587e+01 1.381561446189880371e+01
0.000000000000000000e+00 1.084000000000000000e+05 9.000000000000000000e+02 9.053223738230801700e+02 1.000000000000000000e+00 3.000000000000000000e+02 1.200000000000000000e+02 1.800000000000000000e+02 2.558882369294756837e-03 1.285557770828777393e+02 5.458844037489500778e+01 1.466275862852732281e+01
0.000000000000000000e+00 1.084010000000000000e+05 1.000000000000000000e+03 1.006337727842810409e+03 1.000000000000000000e+00 3.000000000000000000e+02 1.200000000000000000e+02 1.800000000000000000e+02 2.319037944444411921e-03 1.449126328093680058e+02 6.153402667064458598e+01 1.545857002337773700e+01
0.000000000000000000e+00 1.084020000000000000e+05 1.500000000000000000e+03 1.508656174580069319e+03 1.000000000000000000e+00 3.000000000000000000e+02 1.200000000000000000e+02 1.800000000000000000e+02 1.593875102317213535e-03 2.308243947107547456e+02 9.801460497271963845e+01 1.892844013373057166e+01
0.000000000000000000e+00 1.084030000000000000e+05 1.800000000000000000e+03 1.815374478197134067e+03 1.000000000000000000e+00 3.000000000000000000e+02 1.200000000000000000e+02 1.800000000000000000e+02 1.343720021001139266e-03 2.922752909897330937e+02 1.241084038172964341e+02 2.075842185815175256e+01
0.000000000000000000e+00 1.084040000000000000e+05 2.000000000000000000e+03 2.020939123896374895e+03 1.000000000000000000e+00 3.000000000000000000e+02 1.200000000000000000e+02 1.800000000000000000e+02 1.192141805042682334e-03 3.395177728145899891e+02 1.441689056537537112e+02 2.189841302235921106e+01
0.000000000000000000e+00 1.084050000000000000e+05 2.500000000000000000e+03 2.532846833478392000e+03 1.000000000000000000e+00 3.000000000000000000e+02 1.200000000000000000e+02 1.800000000000000000e+02 9.624182626259269058e-04 4.533795831926136088e+02 1.925178697208550318e+02 2.450963568687438965e+01
0.000000000000000000e+00 1.084060000000000000e+05 3.000000000000000000e+03 3.033895167460606444e+03 1.000000000000000000e+00 3.000000000000000000e+02 1.200000000000000000e+02 1.800000000000000000e+02 8.223369912686820556e-04 5.734061866500371707e+02 2.434845803184871329e+02 2.682897404829661170e+01
0.000000000000000000e+00 1.084070000000000000e+05 4.000000000000000000e+03 4.047870088258811393e+03 1.000000000000000000e+00 3.000000000000000000e+02 1.200000000000000000e+02 1.800000000000000000e+02 6.188197145817007222e-04 8.460048484460960481e+02 3.592377275779601291e+02 3.098782412211100379e+01
0.000000000000000000e+00 1.084080000000000000e+05 4.000000000000000000e+02 4.010859132432115075e+02 1.000000000000000000e+00 4.200000000000000000e+02 1.200000000000000000e+02 1.800000000000000000e+02 4.915927076836592267e-03 4.612488002296885270e+01 1.958593631548571423e+01 9.762445688247680664e+00
0.000000000000000000e+00 1.084090000000000000e+05 5.000000000000000000e+02 5.019654080360544981e+02 1.000000000000000000e+00 4.200000000000000000e+02 1.200000000000000000e+02 1.800000000000000000e+02 4.013063765664622723e-03 6.073781437236289094e+01 2.579100397977192927e+01 1.092015751202901264e+01
0.000000000000000000e+00 1.084100000000000000e+05 6.000000000000000000e+02 6.024435700330046757e+02 1.000000000000000000e+00 4.200000000000000000e+02 1.200000000000000000e+02 1.800000000000000000e+02 3.468638465635671964e-03 7.289567197399509269e+01 3.095357620976437119e+01 1.196312449375788312e+01
0.000000000000000000e+00 1.084110000000000000e+05 7.000000000000000000e+02 7.029538826544974199e+02 1.000000000000000000e+00 4.200000000000000000e+02 1.200000000000000000e+02 1.800000000000000000e+02 3.037089442108173616e-03 8.646332756649974272e+01 3.671478877558375586e+01 1.292242538928985596e+01
0.000000000000000000e+00 1.084120000000000000e+05 8.000000000000000000e+02 8.025684936983587932e+02 1.000000000000000000e+00 4.200000000000000000e+02 1.200000000000000000e+02 1.800000000000000000e+02 2.737632281794899307e-03 9.871592472489646752e+01 4.191759011672886004e+01 1.380897462368011475e+01
0.000000000000000000e+00 1.084130000000000000e+05 9.000000000000000000e+02 9.048315521902173941e+02 1.000000000000000000e+00 4.200000000000000000e+02 1.200000000000000000e+02 1.800000000000000000e+02 2.522578392362832909e-03 1.121991124715868864e+02 4.764293523209634174e+01 1.465950647989908795e+01
0.000000000000000000e+00 1.084140000000000000e+05 1.000000000000000000e+03 1.005357462154726591e+03 1.000000000000000000e+00 4.200000000000000000e+02 1.200000000000000000e+02 1.800000000000000000e+02 2.286875659619861615e-03 1.256696827693417617e+02 5.336292261967803086e+01 1.545240712165832520e+01
0.000000000000000000e+00 1.084150000000000000e+05 1.500000000000000000e+03 1.510009614438938115e+03 1.000000000000000000e+00 4.200000000000000000e+02 1.200000000000000000e+02 1.800000000000000000e+02 1.608236471671700045e-03 1.963012498770569891e+02 8.335509548919617373e+01 1.893538482983906945e+01
0.000000000000000000e+00 1.084160000000000000e+05 1.800000000000000000e+03 1.812521431979567296e+03 1.000000000000000000e+00 4.200000000000000000e+02 1.200000000000000000e+02 1.800000000000000000e+02 1.374320522408454441e-03 2.392528290213040236e+02 1.015935579708297354e+02 2.074506417910258094e+01
0.000000000000000000e+00 1.084170000000000000e+05 2.000000000000000000e+03 2.013441177093458009e+03 1.000000000000000000e+00 4.200000000000000000e+02 1.200000000000000000e+02 1.800000000000000000e+02 1.238975394761761923e-03 2.738280000847098563e+02 1.162751592716390121e+02 2.186512303352355957e+01
0.000000000000000000e+00 1.084180000000000000e+05 2.500000000000000000e+03 2.523890205963848075e+03 1.000000000000000000e+00 4.200000000000000000e+02 1.200000000000000000e+02 1.800000000000000000e+02 1.000638218125893958e-03 3.609162994528348918e+02 1.532553288547069599e+02 2.447410746415456018e+01
0.000000000000000000e+00 1.084190000000000000e+05 3.000000000000000000e+03 3.031967919258882375e+03 1.000000000000000000e+00 4.200000000000000000e+02 1.200000000000000000e+02 1.800000000000000000e+02 8.440683415914147780e-04 4.638910916466165872e+02 1.969813552639560896e+02 2.682199553648630896e+01
0.000000000000000000e+00 1.084200000000000000e+05 4.000000000000000000e+03 4.037528716667631670e+03 1.000000000000000000e+00 4.200000000000000000e+02 1.200000000000000000e+02 1.800000000000000000e+02 6.435966268058191308e-04 6.904174105501538179e+02 2.931708749682181860e+02 3.095538385709126672e+01
0.000000000000000000e+00 1.084210000000000000e+05 5.000000000000000000e+03 5.213042293566592889e+03 1.000000000000000000e+00 4.200000000000000000e+02 1.200000000000000000e+02 1.800000000000000000e+02 4.853415145635045719e-04 9.800519511905131367e+02 4.161579410575427573e+02 3.507233254114786547e+01
0.000000000000000000e+00 1.084220000000000000e+05 6.000000000000000000e+03 6.000000000000000000e+03 1.000000000000000000e+00 4.200000000000000000e+02 1.200000000000000000e+02 1.800000000000000000e+02 4.261288273309668203e-04 1.164000000000000000e+03 4.942675159235668616e+02 3.776790722211202223e+01
0.000000000000000000e+00 1.084230000000000000e+05 4.000000000000000000e+02 4.005824685988524152e+02 1.000000000000000000e+00 5.400000000000000000e+02 1.200000000000000000e+02 1.800000000000000000e+02 4.105430347075074600e-03 4.206115920287984977e+01 1.786036484198719876e+01 9.757433891296386719e+00
0.000000000000000000e+00 1.084240000000000000e+05 5.000000000000000000e+02 5.009416636174098585e+02 1.000000000000000000e+00 5.400000000000000000e+02 1.200000000000000000e+02 1.800000000000000000e+02 3.431235572456616759e-03 5.560452466153100204e+01 2.361126312591549947e+01 1.091104469696680646e+01
0.000000000000000000e+00 1.084250000000000000e+05 6.000000000000000000e+02 6.006133817625878919e+02 1.000000000000000000e+00 5.400000000000000000e+02 1.200000000000000000e+02 1.800000000000000000e+02 3.026063158309931413e-03 6.786931213917051764e+01 2.881924082342696991e+01 1.194825005531311035e+01
0.000000000000000000e+00 1.084260000000000000e+05 7.000000000000000000e+02 7.018363242116969332e+02 1.000000000000000000e+00 5.400000000000000000e+02 1.200000000000000000e+02 1.800000000000000000e+02 2.761743963900327274e-03 7.860566831170854130e+01 3.337820310475946428e+01 1.291402006149291992e+01
0.000000000000000000e+00 1.084270000000000000e+05 8.000000000000000000e+02 8.013990068396581137e+02 1.000000000000000000e+00 5.400000000000000000e+02 1.200000000000000000e+02 1.800000000000000000e+02 2.556109437159584125e-03 8.895528975919904724e+01 3.777294681919280350e+01 1.380074262619018555e+01
0.000000000000000000e+00 1.084280000000000000e+05 9.000000000000000000e+02 9.013043601671362239e+02 1.000000000000000000e+00 5.400000000000000000e+02 1.200000000000000000e+02 1.800000000000000000e+02 2.348038105701152033e-03 1.000447839785547330e+02 4.248186156201899877e+01 1.463610947132110596e+01
0.000000000000000000e+00 1.084290000000000000e+05 1.000000000000000000e+03 1.002700639761873731e+03 1.000000000000000000e+00 5.400000000000000000e+02 1.200000000000000000e+02 1.800000000000000000e+02 2.184782023843137664e-03 1.102970703738071734e+02 4.683527404407947614e+01 1.543569294611612897e+01
0.000000000000000000e+00 1.084300000000000000e+05 1.500000000000000000e+03 1.506561935063240526e+03 1.000000000000000000e+00 5.400000000000000000e+02 1.200000000000000000e+02 1.800000000000000000e+02 1.618981049122169462e-03 1.702414986621467961e+02 7.228938372065681506e+01 1.891768693923950195e+01
0.000000000000000000e+00 1.084310000000000000e+05 1.800000000000000000e+03 1.809718564089244637e+03 1.000000000000000000e+00 5.400000000000000000e+02 1.200000000000000000e+02 1.800000000000000000e+02 1.384216840386114826e-03 2.063079163061779582e+02 8.760421074572312250e+01 2.073193184534708777e+01
0.000000000000000000e+00 1.084320000000000000e+05 2.000000000000000000e+03 2.008517758496917168e+03 1.000000000000000000e+00 5.400000000000000000e+02 1.200000000000000000e+02 1.800000000000000000e+02 1.243012263938848578e-03 2.390136132611387438e+02 1.014919801533497861e+02 2.184323362509409705e+01
0.000000000000000000e+00 1.084330000000000000e+05 2.500000000000000000e+03 2.517252982769074151e+03 1.000000000000000000e+00 5.400000000000000000e+02 1.200000000000000000e+02 1.800000000000000000e+02 1.016493439754704046e-03 3.096221168806055175e+02 1.314743596095989346e+02 2.444774393240610877e+01
0.000000000000000000e+00 1.084340000000000000e+05 3.000000000000000000e+03 3.017567381799682153e+03 1.000000000000000000e+00 5.400000000000000000e+02 1.200000000000000000e+02 1.800000000000000000e+02 8.611902073112075477e-04 3.983188943975483198e+02 1.691375347760290140e+02 2.676978174845377723e+01
0.000000000000000000e+00 1.084350000000000000e+05 4.000000000000000000e+03 4.042759562208807893e+03 1.000000000000000000e+00 5.400000000000000000e+02 1.200000000000000000e+02 1.800000000000000000e+02 6.528283454585285823e-04 5.740718578336579867e+02 2.437672432414683499e+02 3.097179810206095496e+01
0.000000000000000000e+00 1.084360000000000000e+05 5.000000000000000000e+03 4.528465215405616618e+03 1.000000000000000000e+00 5.400000000000000000e+02 1.200000000000000000e+02 1.800000000000000000e+02 6.279778438510536442e-04 6.203997345105540262e+02 2.634393777114879072e+02 3.312063717842102051e+01
0.000000000000000000e+00 1.084370000000000000e+05 6.000000000000000000e+03 6.000000000000000000e+03 1.000000000000000000e+00 5.400000000000000000e+02 1.200000000000000000e+02 1.800000000000000000e+02 4.685426275298465687e-04 9.060000000000000000e+02 3.847133757961783544e+02 3.776790722211202223e+01
0.000000000000000000e+00 1.084380000000000000e+05 8.000000000000000000e+03 8.000000000000000000e+03 1.000000000000000000e+00 5.400000000000000000e+02 1.200000000000000000e+02 1.800000000000000000e+02 3.483875428196192472e-04 1.416000000000000000e+03 6.012738853503184373e+02 4.361062002182006836e+01
0.000000000000000000e+00 1.084390000000000000e+05 1.000000000000000000e+04 1.000000000000000000e+04 1.000000000000000000e+00 5.400000000000000000e+02 1.200000000000000000e+02 1.800000000000000000e+02 2.868882101288412019e-04 1.910000000000000000e+03 8.110403397027600931e+02 4.875815733273824293e+01
0.000000000000000000e+00 1.084400000000000000e+05 4.000000000000000000e+02 4.002711096108805577e+02 1.000000000000000000e+00 6.000000000000000000e+02 1.200000000000000000e+02 1.800000000000000000e+02 3.628682799503976739e-03 4.002711096108839683e+01 1.699665008963413726e+01 9.754332860310872988e+00
0.000000000000000000e+00 1.084410000000000000e+05 5.000000000000000000e+02 5.000144128604723619e+02 1.000000000000000000e+00 6.000000000000000000e+02 1.200000000000000000e+02 1.800000000000000000e+02 3.116371459401166572e-03 5.400155658893186228e+01 2.293059727767807487e+01 1.090278398990631104e+01
0.000000000000000000e+00 1.084420000000000000e+05 6.000000000000000000e+02 6.003476946349962873e+02 1.000000000000000000e+00 6.000000000000000000e+02 1.200000000000000000e+02 1.800000000000000000e+02 2.806654429109252044e-03 6.603824640984896632e+01 2.804171822074266274e+01 1.194608974456787109e+01
0.000000000000000000e+00 1.084430000000000000e+05 7.000000000000000000e+02 7.009841021685125497e+02 1.000000000000000000e+00 6.000000000000000000e+02 1.200000000000000000e+02 1.800000000000000000e+02 2.620960876714893695e-03 7.570628303419698568e+01 3.214704162810912180e+01 1.290760566790898700e+01
0.000000000000000000e+00 1.084440000000000000e+05 8.000000000000000000e+02 8.013844433829285663e+02 1.000000000000000000e+00 6.000000000000000000e+02 1.200000000000000000e+02 1.800000000000000000e+02 2.443596336344854882e-03 8.574813544197189685e+01 3.641109785221736672e+01 1.380064096053441425e+01
0.000000000000000000e+00 1.084450000000000000e+05 9.000000000000000000e+02 8.996018866098693252e+02 1.000000000000000000e+00 6.000000000000000000e+02 1.200000000000000000e+02 1.800000000000000000e+02 2.268620026913884154e-03 9.535779998064344909e+01 4.049163481131356690e+01 1.462480245033899884e+01
0.000000000000000000e+00 1.084460000000000000e+05 1.000000000000000000e+03 9.999430986613524510e+02 1.000000000000000000e+00 6.000000000000000000e+02 1.200000000000000000e+02 1.800000000000000000e+02 2.110161445726999735e-03 1.069939115567626686e+02 4.543265883514338555e+01 1.541832458972930908e+01
0.000000000000000000e+00 1.084470000000000000e+05 1.500000000000000000e+03 1.499182403179607945e+03 1.000000000000000000e+00 6.000000000000000000e+02 1.200000000000000000e+02 1.800000000000000000e+02 1.582653384551444779e-03 1.619116995433955708e+02 6.875231403116585227e+01 1.887974635759989539e+01
0.000000000000000000e+00 1.084480000000000000e+05 1.800000000000000000e+03 1.805947762700797057e+03 1.000000000000000000e+00 6.000000000000000000e+02 1.200000000000000000e+02 1.800000000000000000e+02 1.367277635633387580e-03 1.968483061343915779e+02 8.358739113986904101e+01 2.071425219376881799e+01
0.000000000000000000e+00 1.084490000000000000e+05 2.000000000000000000e+03 2.000899625931916717e+03 1.000000000000000000e+00 6.000000000000000000e+02 1.200000000000000000e+02 1.800000000000000000e+02 1.264689665201262610e-03 2.200989588525067120e+02 9.346027976751877020e+01 2.180932044982910156e+01
0.000000000000000000e+00 1.084500000000000000e+05 2.500000000000000000e+03 2.506218022853332059e+03 1.000000000000000000e+00 6.000000000000000000e+02 1.200000000000000000e+02 1.800000000000000000e+02 1.017424056601519758e-03 2.907212906509848835e+02 1.234485310619893426e+02 2.440384777386983117e+01
0.000000000000000000e+00 1.084510000000000000e+05 3.000000000000000000e+03 3.006152450069552742e+03 1.000000000000000000e+00 6.000000000000000000e+02 1.200000000000000000e+02 1.800000000000000000e+02 8.701033142237962889e-04 3.667505989084816065e+02 1.557327383900134237e+02 2.672831940650939941e+01
0.000000000000000000e+00 1.084520000000000000e+05 4.000000000000000000e+03 4.025107411314338606e+03 1.000000000000000000e+00 6.000000000000000000e+02 1.200000000000000000e+02 1.800000000000000000e+02 6.548023988564210997e-04 5.393643931161250293e+02 2.290294662913482000e+02 3.091637392838795861e+01
0.000000000000000000e+00 1.084530000000000000e+05 5.000000000000000000e+03 3.668539085643321869e+03 1.000000000000000000e+00 6.000000000000000000e+02 1.200000000000000000e+02 1.800000000000000000e+02 nan -1.000000000000000000e+00 -4.246284501061571293e-01 3.048443869749705115e+01
0.000000000000000000e+00 1.084540000000000000e+05 6.000000000000000000e+03 6.000000000000000000e+03 1.000000000000000000e+00 6.000000000000000000e+02 1.200000000000000000e+02 1.800000000000000000e+02 4.773461406869520716e-04 8.520000000000000000e+02 3.617834394904458577e+02 3.776790722211202223e+01
0.000000000000000000e+00 1.084550000000000000e+05 8.000000000000000000e+03 8.000000000000000000e+03 1.000000000000000000e+00 6.000000000000000000e+02 1.200000000000000000e+02 1.800000000000000000e+02 3.597543106367437024e-04 1.320000000000000000e+03 5.605095541401274204e+02 4.361062002182006836e+01
0.000000000000000000e+00 1.084560000000000000e+05 1.000000000000000000e+04 1.000000000000000000e+04 1.000000000000000000e+00 6.000000000000000000e+02 1.200000000000000000e+02 1.800000000000000000e+02 2.948241395137762453e-04 1.740000000000000000e+03 7.388535031847134178e+02 4.875815733273824293e+01
0.000000000000000000e+00 1.074760000000000000e+05 8.000000000000000000e+00 8.040867124813932065e+00 1.000000000000000000e+00 6.000000000000000000e+01 1.200000000000000000e+02 6.000000000000000000e+01 3.703444077410489310e-01 5.789424329866079688e-01 2.458354280197910802e-01 1.381965291996796852e+00
0.000000000000000000e+00 1.074770000000000000e+05 1.000000000000000000e+01 1.006431126149668387e+01 1.000000000000000000e+00 6.000000000000000000e+01 1.200000000000000000e+02 6.000000000000000000e+01 4.242272750250707380e-01 8.353378347042035301e-01 3.547082100654792014e-01 1.545915762583414788e+00
0.000000000000000000e+00 1.074780000000000000e+05 1.200000000000000000e+01 1.209239316499027161e+01 1.000000000000000000e+00 6.000000000000000000e+01 1.200000000000000000e+02 6.000000000000000000e+01 4.811192195988878706e-01 1.088315384849130041e+00 4.621296750951719989e-01 1.694338771204153771e+00
0.000000000000000000e+00 1.074790000000000000e+05 1.500000000000000000e+01 1.514264107536951620e+01 1.000000000000000000e+00 6.000000000000000000e+01 1.200000000000000000e+02 6.000000000000000000e+01 4.560145022199342812e-01 1.483978825386227385e+00 6.301396286141093261e-01 1.895720310509204865e+00
0.000000000000000000e+00 1.074800000000000000e+05 2.000000000000000000e+01 2.023367108019003524e+01 1.000000000000000000e+00 6.000000000000000000e+01 1.200000000000000000e+02 6.000000000000000000e+01 4.595903010283531875e-01 2.185236476660499250e+00 9.279135781997873700e-01 2.190918172399202835e+00
0.000000000000000000e+00 1.074810000000000000e+05 3.000000000000000000e+01 3.045532469471336512e+01 1.000000000000000000e+00 6.000000000000000000e+01 1.200000000000000000e+02 6.000000000000000000e+01 4.106371402656410208e-01 3.685094288060355439e+00 1.564795876034121180e+00 2.687108059724172104e+00
0.000000000000000000e+00 1.074820000000000000e+05 4.000000000000000000e+01 4.070594938816007158e+01 1.000000000000000000e+00 6.000000000000000000e+01 1.200000000000000000e+02 6.000000000000000000e+01 3.253874710141348991e-01 5.536009116789529116e+00 2.350746971035893473e+00 3.105898564060529221e+00
0.000000000000000000e+00 1.074830000000000000e+05 5.000000000000000000e+01 5.097112210569668633e+01 1.000000000000000000e+00 6.000000000000000000e+01 1.200000000000000000e+02 6.000000000000000000e+01 2.529684398154876668e-01 7.849552804277301732e+00 3.333143441306710031e+00 3.474980066219965469e+00
0.000000000000000000e+00 1.074840000000000000e+05 6.000000000000000000e+01 6.121488420192913793e+01 1.000000000000000000e+00 6.000000000000000000e+01 1.200000000000000000e+02 6.000000000000000000e+01 1.967777606598088147e-01 1.028410054592438883e+01 4.366921675551757254e+00 3.807914073268572341e+00
0.000000000000000000e+00 1.074850000000000000e+05 7.000000000000000000e+01 7.148054279088204055e+01 1.000000000000000000e+00 6.000000000000000000e+01 1.200000000000000000e+02 6.000000000000000000e+01 1.506026583060603441e-01 1.279501715956752150e+01 5.433128305548841297e+00 4.114509175221125581e+00
0.000000000000000000e+00 1.074860000000000000e+05 8.000000000000000000e+01 8.174553176049529668e+01 1.000000000000000000e+00 6.000000000000000000e+01 1.200000000000000000e+02 6.000000000000000000e+01 1.146045753199200490e-01 1.528641443921288356e+01 6.491046471003347307e+00 4.399776160717010498e+00
0.000000000000000000e+00 1.074870000000000000e+05 9.000000000000000000e+01 9.193060474890158673e+01 1.000000000000000000e+00 6.000000000000000000e+01 1.200000000000000000e+02 6.000000000000000000e+01 8.848108090656822688e-02 1.792646792603608930e+01 7.612088291310441512e+00 4.665978004535038970e+00
0.000000000000000000e+00 1.074880000000000000e+05 1.000000000000000000e+02 1.020962619884918183e+02 1.000000000000000000e+00 6.000000000000000000e+01 1.200000000000000000e+02 6.000000000000000000e+01 6.828980986952815080e-02 2.092973370764099172e+01 8.887360385410188357e+00 4.917407701412837007e+00
0.000000000000000000e+00 1.074890000000000000e+05 1.200000000000000000e+02 1.225347862716070608e+02 1.000000000000000000e+00 6.000000000000000000e+01 1.200000000000000000e+02 6.000000000000000000e+01 4.299054845362758337e-02 2.769286169738334991e+01 1.175917694156405524e+01 5.387097666660944917e+00
0.000000000000000000e+00 1.074900000000000000e+05 1.500000000000000000e+02 1.526480024386515026e+02 1.000000000000000000e+00 6.000000000000000000e+01 1.200000000000000000e+02 6.000000000000000000e+01 2.491947827127108731e-02 3.785670460478593213e+01 1.607503380245687197e+01 6.014557619889576934e+00
0.000000000000000000e+00 1.074910000000000000e+05 2.000000000000000000e+02 2.032697733848529253e+02 1.000000000000000000e+00 6.000000000000000000e+01 1.200000000000000000e+02 6.000000000000000000e+01 1.408039816230444684e-02 5.406975972036917710e+01 2.295955826767268704e+01 6.941362867752711274e+00
0.000000000000000000e+00 1.074920000000000000e+05 2.500000000000000000e+02 2.536598840439414175e+02 1.000000000000000000e+00 6.000000000000000000e+01 1.200000000000000000e+02 6.000000000000000000e+01 1.013039975832860998e-02 7.305404660465501365e+01 3.102082658371762847e+01 7.755328605572382905e+00
0.000000000000000000e+00 1.074930000000000000e+05 3.000000000000000000e+02 3.046358586308599001e+02 1.000000000000000000e+00 6.000000000000000000e+01 1.200000000000000000e+02 6.000000000000000000e+01 8.212220646064413015e-03 9.200002930651970701e+01 3.906582985414849674e+01 8.498326162497201963e+00
0.000000000000000000e+00 1.074940000000000000e+05 4.000000000000000000e+02 4.079684020368130746e+02 1.000000000000000000e+00 6.000000000000000000e+01 1.200000000000000000e+02 6.000000000000000000e+01 6.022451666107210035e-03 1.325897306619602034e+02 5.630137183098097609e+01 9.830698887507120176e+00
0.000000000000000000e+00 1.074950000000000000e+05 5.000000000000000000e+02 5.123544473952405269e+02 1.000000000000000000e+00 6.000000000000000000e+01 1.200000000000000000e+02 6.000000000000000000e+01 4.695988503222234614e-03 1.793240565883337467e+02 7.614609621585297816e+01 1.101219316323598285e+01
0.000000000000000000e+00 1.074960000000000000e+05 6.000000000000000000e+02 6.159044864670937613e+02 1.000000000000000000e+00 6.000000000000000000e+01 1.200000000000000000e+02 6.000000000000000000e+01 3.809167291840072096e-03 2.278846599928328942e+02 9.676630997572522119e+01 1.207193897167841534e+01
0.000000000000000000e+00 1.074970000000000000e+05 7.000000000000000000e+02 7.221439030539318082e+02 1.000000000000000000e+00 6.000000000000000000e+01 1.200000000000000000e+02 6.000000000000000000e+01 3.183443251444424086e-03 2.787475465788071460e+02 1.183641386746527218e+02 1.306588894128799438e+01
0.000000000000000000e+00 1.074980000000000000e+05 8.000000000000000000e+02 8.305899164829006622e+02 1.000000000000000000e+00 6.000000000000000000e+01 1.200000000000000000e+02 6.000000000000000000e+01 2.749437183015158558e-03 3.330665565096400655e+02 1.414295356728832473e+02 1.400470481316248517e+01
0.000000000000000000e+00 1.074990000000000000e+05 9.000000000000000000e+02 9.251640425337211582e+02 1.000000000000000000e+00 6.000000000000000000e+01 1.200000000000000000e+02 6.000000000000000000e+01 2.381125611508025201e-03 3.987457023320283724e+02 1.693187695677402758e+02 1.479363109668095966e+01
0.000000000000000000e+00 1.075000000000000000e+05 1.000000000000000000e+03 1.036627187558613969e+03 1.000000000000000000e+00 6.000000000000000000e+01 1.200000000000000000e+02 6.000000000000000000e+01 2.126934589067875237e-03 4.612990984635615632e+02 1.958807212159497055e+02 1.564774630467096905e+01
0.000000000000000000e+00 1.075010000000000000e+05 1.200000000000000000e+03 1.258384057075644932e+03 1.000000000000000000e+00 6.000000000000000000e+01 1.200000000000000000e+02 6.000000000000000000e+01 1.744091775400881221e-03 5.939572749397111693e+02 2.522111570869261925e+02 1.722281237443288049e+01
0.000000000000000000e+00 1.075020000000000000e+05 1.500000000000000000e+03 1.614263070597390652e+03 1.000000000000000000e+00 6.000000000000000000e+01 1.200000000000000000e+02 6.000000000000000000e+01 1.328905363769541416e-03 8.571736904872284413e+02 3.639803356633666453e+02 1.946272782484690467e+01
0.000000000000000000e+00 1.075030000000000000e+05 1.800000000000000000e+03 1.923966911777990845e+03 1.000000000000000000e+00 6.000000000000000000e+01 1.200000000000000000e+02 6.000000000000000000e+01 1.178977179645511030e-03 1.054333867654310325e+03 4.477001561164799455e+02 2.126039667924245080e+01
0.000000000000000000e+00 1.075040000000000000e+05 2.000000000000000000e+03 2.164209909031417737e+03 1.000000000000000000e+00 6.000000000000000000e+01 1.200000000000000000e+02 6.000000000000000000e+01 1.009579714697307878e-03 1.292033315691711323e+03 5.486341043276905793e+02 2.252478472391764441e+01
0.000000000000000000e+00 1.075050000000000000e+05 8.000000000000000000e+00 8.023339780584803904e+00 1.000000000000000000e+00 1.200000000000000000e+02 1.200000000000000000e+02 6.000000000000000000e+01 1.771401719426328458e-01 3.369802707845561685e-01 1.430914100995992200e-01 1.380732382337252373e+00
0.000000000000000000e+00 1.075060000000000000e+05 1.000000000000000000e+01 1.005282557115657127e+01 1.000000000000000000e+00 1.200000000000000000e+02 1.200000000000000000e+02 6.000000000000000000e+01 2.686970448865018679e-01 4.624299762731887142e-01 1.963609241075111311e-01 1.545193612575531006e+00
0.000000000000000000e+00 1.075070000000000000e+05 1.200000000000000000e+01 1.207327482799550644e+01 1.000000000000000000e+00 1.200000000000000000e+02 1.200000000000000000e+02 6.000000000000000000e+01 3.634433171774042459e-01 6.036637413997958390e-01 2.563327988958793435e-01 1.693242025872071510e+00
0.000000000000000000e+00 1.075080000000000000e+05 1.500000000000000000e+01 1.510744547705636975e+01 1.000000000000000000e+00 1.200000000000000000e+02 1.200000000000000000e+02 6.000000000000000000e+01 4.067293637778484072e-01 8.158020557610541346e-01 3.464127625312331538e-01 1.893915583690007454e+00
0.000000000000000000e+00 1.075090000000000000e+05 2.000000000000000000e+01 2.017533659808683666e+01 1.000000000000000000e+00 1.200000000000000000e+02 1.200000000000000000e+02 6.000000000000000000e+01 4.740889536322550057e-01 1.230695532483267129e+00 5.225883365109414980e-01 2.188329900304476272e+00
0.000000000000000000e+00 1.075100000000000000e+05 3.000000000000000000e+01 3.037849657720315122e+01 1.000000000000000000e+00 1.200000000000000000e+02 1.200000000000000000e+02 6.000000000000000000e+01 4.731173056507473329e-01 2.187251753558626888e+00 9.287693221055740578e-01 2.684329087535540115e+00
0.000000000000000000e+00 1.075110000000000000e+05 4.000000000000000000e+01 4.056749073493941893e+01 1.000000000000000000e+00 1.200000000000000000e+02 1.200000000000000000e+02 6.000000000000000000e+01 3.837972305026987607e-01 3.285966749530143005e+00 1.395314967953351637e+00 3.101564740141232956e+00
0.000000000000000000e+00 1.075120000000000000e+05 5.000000000000000000e+01 5.075698122125357514e+01 1.000000000000000000e+00 1.200000000000000000e+02 1.200000000000000000e+02 6.000000000000000000e+01 2.993976317886431482e-01 4.466614347470454049e+00 1.896651527588303132e+00 3.468988622228304397e+00
0.000000000000000000e+00 1.075130000000000000e+05 6.000000000000000000e+01 6.103393976213541094e+01 1.000000000000000000e+00 1.200000000000000000e+02 1.200000000000000000e+02 6.000000000000000000e+01 2.312054595644490729e-01 5.737190337640843296e+00 2.436174241036451527e+00 3.803295259674390305e+00
0.000000000000000000e+00 1.075140000000000000e+05 7.000000000000000000e+01 7.125015050319015586e+01 1.000000000000000000e+00 1.200000000000000000e+02 1.200000000000000000e+02 6.000000000000000000e+01 1.743253100436832070e-01 7.125015050318950216e+00 3.025484097799978844e+00 4.109065959850947358e+00
0.000000000000000000e+00 1.075150000000000000e+05 8.000000000000000000e+01 8.138295300834258228e+01 1.000000000000000000e+00 1.200000000000000000e+02 1.200000000000000000e+02 6.000000000000000000e+01 1.312519018123094738e-01 8.463827112867761571e+00 3.593981788903508168e+00 4.391763607660929658e+00
0.000000000000000000e+00 1.075160000000000000e+05 9.000000000000000000e+01 9.159851081389925298e+01 1.000000000000000000e+00 1.200000000000000000e+02 1.200000000000000000e+02 6.000000000000000000e+01 9.972415043592608441e-02 9.892639167901478459e+00 4.200696037325468701e+00 4.659058918555577300e+00
0.000000000000000000e+00 1.075170000000000000e+05 1.000000000000000000e+02 1.016673263368004712e+02 1.000000000000000000e+00 1.200000000000000000e+02 1.200000000000000000e+02 6.000000000000000000e+01 7.610836719525057581e-02 1.138674054972182148e+01 4.835133991389308328e+00 4.908926745255787871e+00
0.000000000000000000e+00 1.075180000000000000e+05 1.200000000000000000e+02 1.219324052562569278e+02 1.000000000000000000e+00 1.200000000000000000e+02 1.200000000000000000e+02 6.000000000000000000e+01 4.629758280550583943e-02 1.475382103600743733e+01 6.264892159663455473e+00 5.376224239667256377e+00
0.000000000000000000e+00 1.075190000000000000e+05 1.500000000000000000e+02 1.521819648581029867e+02 1.000000000000000000e+00 1.200000000000000000e+02 1.200000000000000000e+02 6.000000000000000000e+01 2.560110122613055983e-02 2.100111115041801213e+01 8.917669278309134029e+00 6.007025470336277984e+00
